Iteration	CPUTime	PhysTime	Travels	Value	AvValue	MinValue	MaxValue	Delta	Criteria	Progress	dGMaxMin	CriteriaType	CriteriaVarType	CriteriaPercentage
1	0	0	0.025	101314.227	101314.227	101314.227	101314.227	0	0	0	4647.33	0	0	3
2	0	0	0.05	101317.663	101315.945	101314.227	101317.663	1.71762195	0	0	4889.44	0	0	3
3	0	0	0.075	101320.727	101317.539	101314.227	101320.727	3.31154268	0	0	4514.22	0	0	3
4	0	0	0.1	101316.918	101317.384	101314.227	101320.727	3.31154268	0	0	4122.07	0	0	3
5	0	0	0.125	101322.253	101318.358	101314.227	101322.253	4.13023606	0	0	3942.48	0	0	3
6	0	0	0.15	101320.196	101318.664	101314.227	101322.253	4.43669489	0	0	3840.97	0	0	3
7	1	0	0.175	101324.181	101319.452	101314.227	101324.181	5.22477827	0	0	3676.21	0	0	3
8	1	0	0.2	101324.68	101320.106	101314.227	101324.68	5.87827696	0	0	3546.32	0	0	3
9	1	0	0.225	101326.987	101320.87	101314.227	101326.987	6.64283891	0	0	3455.59	0	0	3
10	1	0	0.25	101326.578	101321.441	101314.227	101326.987	7.21365063	0	0	3328.56	0	0	3
11	1	0	0.275	101328.282	101322.063	101314.227	101328.282	7.83554789	0	0	3260.12	0	0	3
12	1	0	0.3	101328.012	101322.559	101314.227	101328.282	8.33133938	0	0	3126.63	0	0	3
13	1	0	0.325	101329.265	101323.075	101314.227	101329.265	8.84724177	0	0	3148.64	0	0	3
14	1	0	0.35	101328.331	101323.45	101314.227	101329.265	9.22267131	0	0	3097.65	0	0	3
15	1	0	0.375	101329.517	101323.854	101314.227	101329.517	9.62712526	0	0	3135.15	0	0	3
16	1	0	0.4	101330.1	101324.245	101314.227	101330.1	10.0174727	0	0	3104.71	0	0	3
17	1	0	0.425	101330.059	101324.587	101314.227	101330.1	10.3594731	0	0	3100.27	0	0	3
18	1	0	0.45	101330.463	101324.913	101314.227	101330.463	10.6859434	0	0	3110.99	0	0	3
19	1	0	0.475	101330.781	101325.222	101314.227	101330.781	10.9947583	0	0	3088.73	0	0	3
20	2	0	0.5	101331.917	101325.557	101314.227	101331.917	11.3294816	0	0	3112.32	0	0	3
21	2	0	0.525	101332.763	101326.484	101316.918	101332.763	10.5386271	0	0	3060.05	0	0	3
22	2	0	0.55	101333.834	101327.292	101316.918	101333.834	9.90847534	0	0	3087.43	0	0	3
23	2	0	0.575	101334.853	101327.998	101316.918	101334.853	10.6147777	0	0	3023.15	0	0	3
24	2	0	0.6	101335.177	101328.911	101320.196	101335.177	10.5538409	0	0	3013.91	0	0	3
25	2	0	0.625	101336.667	101329.632	101320.196	101336.667	10.9680534	0	0	3006.65	0	0	3
26	2	0	0.65	101336.761	101330.46	101324.181	101336.761	11.0081951	0	0	2979.83	0	0	3
27	2	0	0.675	101338.055	101331.154	101324.68	101338.055	11.0484032	0	0	2965	0	0	3
28	2	0	0.7	101338.852	101331.863	101326.578	101338.852	10.9924291	0	0	2963.75	0	0	3
29	2	0	0.725	101339.34	101332.48	101326.578	101339.34	11.0392764	0	0	2953.84	0	0	3
30	2	0	0.75	101340.256	101333.164	101328.012	101340.256	11.101287	0	0	2962.91	0	0	3
31	2	0	0.775	101340.603	101333.78	101328.012	101340.603	11.221561	0	0	2952.21	0	0	3
32	2	0	0.8	101341.523	101334.456	101328.331	101341.523	11.38119	0	0	2956.24	0	0	3
33	3	0	0.825	101342.176	101335.101	101328.331	101342.176	11.6512645	0	0	2961.22	0	0	3
34	3	0	0.85	101342.996	101335.835	101329.517	101342.996	11.980061	0	0	2949.53	0	0	3
35	3	0	0.875	101343.514	101336.534	101330.059	101343.514	12.28958	0	0	2959.48	0	0	3
36	3	0	0.9	101344.192	101337.239	101330.059	101344.192	12.6521998	0	0	2964.51	0	0	3
37	3	0	0.925	101344.527	101337.962	101330.463	101344.527	13.0491212	0	0	2939.75	0	0	3
38	3	0	0.95	101345.219	101338.7	101330.781	101345.219	13.4781141	0	0	2969.48	0	0	3
39	3	0	0.975	101345.801	101339.451	101331.917	101345.801	13.8840584	0	0	2959.35	0	0	3
40	3	0	1	101346.687	101340.19	101332.763	101346.687	13.7061282	4.46530829	32.5	2946.56	0	0	3
41	3	0	1.025	101347.032	101340.903	101333.834	101347.032	13.1982993	4.51712746	34.2	2943.81	0	0	3
42	3	0	1.05	101347.605	101341.592	101334.853	101347.605	12.752213	4.56008129	35.7	2895.53	0	0	3
43	4	0	1.075	101348.29	101342.264	101335.177	101348.29	13.1132398	4.60867255	35.1	2912.47	0	0	3
44	4	0	1.1	101348.78	101342.574	101335.177	101348.78	13.6023924	4.52837721	33.2	2900.87	0	0	3
45	4	0	1.125	101349.013	101343.233	101336.667	101349.013	12.3460987	4.48719208	36.3	2912.95	0	0	3
46	4	0	1.15	101349.201	101343.83	101336.761	101349.201	12.4402198	4.46530829	35.8	2913.05	0	0	3
47	4	0	1.175	101349.268	101344.425	101338.055	101349.268	11.2136493	4.46530829	39.8	2917.8	0	0	3
48	4	0	1.2	101349.46	101344.968	101338.852	101349.46	10.6084694	4.46530829	42	2918.96	0	0	3
49	4	0	1.225	101349.496	101345.475	101339.34	101349.496	10.156571	4.46530829	43.9	2913.04	0	0	3
50	4	0	1.25	101349.552	101345.962	101340.256	101349.552	9.29508242	4.46530829	48	2913.81	0	0	3
51	4	0	1.275	101349.532	101346.403	101340.603	101349.552	8.94836227	4.46530829	49.9	2913.68	0	0	3
52	4	0	1.3	101349.511	101346.827	101341.523	101349.552	8.0285212	4.46530829	55.6	2889.79	0	0	3
53	4	0	1.325	101349.514	101347.208	101342.176	101349.552	7.37604306	4.46530829	60.5	2878.2	0	0	3
54	4	0	1.35	101349.571	101347.56	101342.996	101349.571	6.57510352	4.46530829	67.9	2868.92	0	0	3
55	5	0	1.375	101349.511	101347.87	101343.514	101349.571	6.05655996	4.46530829	73.7	2861.75	0	0	3
56	5	0	1.4	101349.513	101348.156	101344.192	101349.571	5.37827981	4.46530829	83	2860.03	0	0	3
57	5	0	1.425	101349.566	101348.412	101344.527	101349.571	5.04405348	4.46530829	88.5	2867.34	0	0	3
58	5	0	1.45	101349.59	101348.653	101345.219	101349.59	4.37073108	4.46530829	100	2864.01	0	0	3
