Iteration	CPUTime	PhysTime	Travels	Value	AvValue	MinValue	MaxValue	Delta	Criteria	Progress	dGMaxMin	CriteriaType	CriteriaVarType	CriteriaPercentage
1	1	0	0.025	298.577555	298.577555	298.577555	298.577555	0	0	0	308.483	0	0	3
2	1	0	0.05	308.544425	303.56099	298.577555	308.544425	4.9834348	0	0	308.169	0	0	3
3	1	0	0.075	323.225541	310.11584	298.577555	323.225541	11.5382851	0	0	307.591	0	0	3
4	1	0	0.1	342.537086	318.221152	298.577555	342.537086	19.6435967	0	0	305.448	0	0	3
5	1	0	0.125	366.26126	327.829173	298.577555	366.26126	29.2516183	0	0	299.953	0	0	3
6	1	0	0.15	394.031203	338.862845	298.577555	394.031203	40.2852899	0	0	289.574	0	0	3
7	2	0	0.175	425.267993	351.206437	298.577555	425.267993	52.6288824	0	0	273.507	0	0	3
8	2	0	0.2	459.007779	364.681605	298.577555	459.007779	66.1040501	0	0	251.86	0	0	3
9	2	0	0.225	493.580438	379.003698	298.577555	493.580438	80.4261427	0	0	225.131	0	0	3
10	2	0	0.25	526.199188	393.723247	298.577555	526.199188	95.1456917	0	0	194.053	0	0	3
11	2	0	0.275	555.045532	408.388909	298.577555	555.045532	109.811354	0	0	154.191	0	0	3
12	2	0	0.3	575.557473	422.319623	298.577555	575.557473	123.742068	0	0	113.904	0	0	3
13	2	0	0.325	588.112181	435.072896	298.577555	588.112181	136.495341	0	0	75.66	0	0	3
14	2	0	0.35	594.51326	446.461494	298.577555	594.51326	147.883939	0	0	43.1665	0	0	3
15	3	0	0.375	597.537777	456.533246	298.577555	597.537777	157.955691	0	0	20.8342	0	0	3
16	3	0	0.4	598.634374	465.414566	298.577555	598.634374	166.837011	0	0	11.141	0	0	3
17	3	0	0.425	598.787693	473.260045	298.577555	598.787693	174.682489	0	0	9.5967	0	0	3
18	3	0	0.45	598.793335	480.234116	298.577555	598.793335	181.656561	0	0	9.55965	0	0	3
19	3	0	0.475	598.794045	486.474112	298.577555	598.794045	187.896557	0	0	9.56035	0	0	3
20	3	0	0.5	598.795289	492.090171	298.577555	598.795289	193.512616	0	0	9.55988	0	0	3
21	3	0	0.525	598.796005	507.101094	308.544425	598.796005	203.540104	0	0	9.5621	0	0	3
22	3	0	0.55	598.794884	521.613617	323.225541	598.796005	211.497777	0	0	9.55563	0	0	3
23	4	0	0.575	598.80194	535.392437	342.537086	598.80194	217.171285	0	0	9.5563	0	0	3
24	4	0	0.6	598.806444	548.205905	366.26126	598.806444	220.376731	0	0	9.55443	0	0	3
25	4	0	0.625	598.804889	559.833086	394.031203	598.806444	204.775241	0	0	9.55304	0	0	3
26	4	0	0.65	598.80833	570.071942	425.267993	598.80833	173.540337	0	0	9.54561	0	0	3
27	4	0	0.675	598.8125	578.749168	459.007779	598.8125	139.804721	0	0	9.54458	0	0	3
28	4	0	0.7	598.812157	585.739387	493.580438	598.8125	105.232062	0	0	9.53192	0	0	3
29	4	0	0.725	598.821128	591.001421	526.199188	598.821128	72.6219398	0	0	9.47661	0	0	3
30	4	0	0.75	598.819296	594.632427	555.045532	598.821128	43.775596	0	0	9.51791	0	0	3
31	5	0	0.775	598.813655	596.820833	575.557473	598.821128	23.263655	0	0	9.4849	0	0	3
32	5	0	0.8	598.802321	597.983075	588.112181	598.821128	10.7089469	0	0	9.5483	0	0	3
33	5	0	0.825	598.799352	598.517434	594.51326	598.821128	4.30786757	0	0	9.52866	0	0	3
34	5	0	0.85	598.796844	598.731613	597.537777	598.821128	1.28335074	0	0	9.57149	0	0	3
35	5	0	0.875	598.819441	598.795696	598.634374	598.821128	0.18675422	0	0	9.51227	0	0	3
36	5	0	0.9	598.813096	598.804632	598.787693	598.821128	0.0334346831	0	0	9.52214	0	0	3
37	5	0	0.925	598.837527	598.807124	598.793335	598.837527	0.0441923551	0	0	9.45245	0	0	3
38	5	0	0.95	598.812514	598.808083	598.794045	598.837527	0.0434817292	0	0	9.51691	0	0	3
39	6	0	0.975	598.835295	598.810145	598.794884	598.837527	0.0426427809	0	0	9.49101	0	0	3
40	6	0	1	598.82368	598.811565	598.794884	598.837527	0.0426427809	41.3417979	100	9.47743	0	0	3
41	6	0	1.025	598.835925	598.813561	598.794884	598.837527	0.0426427809	41.3417979	100	9.45517	0	0	3
42	6	0	1.05	598.829022	598.815268	598.796844	598.837527	0.0406828477	41.3417979	100	9.43473	0	0	3
43	6	0	1.075	598.844166	598.817379	598.796844	598.844166	0.0473213686	41.3417979	100	9.38373	0	0	3
44	6	0	1.1	598.838946	598.818406	598.796844	598.844166	0.0473213686	41.3417979	100	9.38307	0	0	3
45	6	0	1.125	598.840648	598.820035	598.796844	598.844166	0.0473213686	41.3417979	100	9.41202	0	0	3
46	6	0	1.15	598.84499	598.821944	598.796844	598.84499	0.0481460113	41.3417979	100	9.35045	0	0	3
47	7	0	1.175	598.842306	598.823562	598.796844	598.84499	0.0481460113	41.3417979	100	9.40672	0	0	3
48	7	0	1.2	598.857062	598.825684	598.796844	598.857062	0.0602178875	41.3417979	100	9.33115	0	0	3
49	7	0	1.225	598.836691	598.826853	598.796844	598.857062	0.0602178875	41.3417979	100	9.39932	0	0	3
50	7	0	1.25	598.850926	598.828271	598.796844	598.857062	0.0602178875	41.3417979	100	9.33695	0	0	3
51	7	0	1.275	598.840492	598.829281	598.796844	598.857062	0.0602178875	41.3417979	100	9.42564	0	0	3
52	7	0	1.3	598.854677	598.831234	598.796844	598.857062	0.0602178875	41.3417979	100	9.3773	0	0	3
53	7	0	1.325	598.850568	598.833532	598.796844	598.857062	0.0602178875	41.3417979	100	9.39807	0	0	3
54	7	0	1.35	598.846217	598.835763	598.796844	598.857062	0.0602178875	41.3417979	100	9.41018	0	0	3
55	8	0	1.375	598.847586	598.83818	598.812514	598.857062	0.0424836335	41.3417979	100	9.40647	0	0	3
56	8	0	1.4	598.847437	598.839513	598.812514	598.857062	0.0348806864	41.3417979	100	9.42017	0	0	3
57	8	0	1.425	598.848288	598.841189	598.812514	598.857062	0.0340647803	41.3417979	100	9.39803	0	0	3
