Iteration	CPUTime	PhysTime	Travels	Value	AvValue	MinValue	MaxValue	Delta	Criteria	Progress	dGMaxMin	CriteriaType	CriteriaVarType	CriteriaPercentage
1	1	0	0.025	293.205442	293.205442	293.205442	293.205442	0	0	0	308.729	0	0	3
2	1	0	0.05	293.226801	293.216121	293.205442	293.226801	0.0106795009	0	0	308.448	0	0	3
3	1	0	0.075	293.244523	293.225588	293.205442	293.244523	0.0201467864	0	0	308.35	0	0	3
4	1	0	0.1	293.263597	293.23509	293.205442	293.263597	0.0296488547	0	0	308.184	0	0	3
5	1	0	0.125	293.285969	293.245266	293.205442	293.285969	0.0398246411	0	0	307.929	0	0	3
6	1	0	0.15	293.331647	293.259663	293.205442	293.331647	0.0542214929	0	0	307.739	0	0	3
7	2	0	0.175	293.393954	293.278847	293.205442	293.393954	0.0734058435	0	0	307.544	0	0	3
8	2	0	0.2	293.470119	293.302756	293.205442	293.470119	0.097314803	0	0	307.338	0	0	3
9	2	0	0.225	293.558061	293.331124	293.205442	293.558061	0.125682	0	0	307.161	0	0	3
10	2	0	0.25	293.657639	293.363775	293.205442	293.657639	0.158333561	0	0	307.05	0	0	3
11	2	0	0.275	293.822408	293.405469	293.205442	293.822408	0.200027476	0	0	307.025	0	0	3
12	2	0	0.3	293.99921	293.454948	293.205442	293.99921	0.249505921	0	0	307.034	0	0	3
13	2	0	0.325	294.183976	293.511027	293.205442	294.183976	0.30558502	0	0	307.04	0	0	3
14	2	0	0.35	294.373188	293.57261	293.205442	294.373188	0.36716796	0	0	307.042	0	0	3
15	3	0	0.375	294.562234	293.638585	293.205442	294.562234	0.433142908	0	0	307.044	0	0	3
16	3	0	0.4	294.833009	293.713236	293.205442	294.833009	0.507794447	0	0	307.041	0	0	3
17	3	0	0.425	295.089166	293.794173	293.205442	295.089166	0.588731503	0	0	307.042	0	0	3
18	3	0	0.45	295.325614	293.879253	293.205442	295.325614	0.673811548	0	0	307.048	0	0	3
19	3	0	0.475	295.539998	293.966661	293.205442	295.539998	0.761219149	0	0	307.056	0	0	3
20	3	0	0.5	295.73194	294.054925	293.205442	295.73194	0.849483103	0	0	307.057	0	0	3
21	3	0	0.525	295.969095	294.193107	293.226801	295.969095	0.976986283	0	0	307.056	0	0	3
22	3	0	0.55	296.169364	294.340236	293.244523	296.169364	1.11464716	0	0	307.055	0	0	3
23	4	0	0.575	296.335302	294.494775	293.263597	296.335302	1.25968404	0	0	307.061	0	0	3
24	4	0	0.6	296.473072	294.655248	293.285969	296.473072	1.40998202	0	0	307.079	0	0	3
25	4	0	0.625	296.587056	294.820303	293.331647	296.587056	1.56063949	0	0	307.086	0	0	3
26	4	0	0.65	296.706898	294.989065	293.393954	296.706898	1.71021765	0	0	307.087	0	0	3
27	4	0	0.675	296.788134	295.158774	293.470119	296.788134	1.85601774	0	0	307.086	0	0	3
28	4	0	0.7	296.847077	295.327622	293.558061	296.847077	1.99649841	0	0	307.083	0	0	3
29	4	0	0.725	296.869966	295.493217	293.657639	296.869966	2.1294421	0	0	307.082	0	0	3
30	4	0	0.75	296.864	295.653535	293.822408	296.869966	2.2480662	0	0	307.076	0	0	3
31	5	0	0.775	296.902626	295.807546	293.99921	296.902626	2.35259865	0	0	307.091	0	0	3
32	5	0	0.8	296.936889	295.95443	294.183976	296.936889	2.44340348	0	0	307.069	0	0	3
33	5	0	0.825	297.007254	296.095594	294.373188	297.007254	2.52298448	0	0	307.097	0	0	3
34	5	0	0.85	297.058349	296.229852	294.562234	297.058349	2.49611473	0	0	307.088	0	0	3
35	5	0	0.875	297.049992	296.35424	294.833009	297.058349	2.22533937	0	0	307.125	0	0	3
36	5	0	0.9	297.076324	296.466406	295.089166	297.076324	1.9871582	0	0	307.122	0	0	3
37	5	0	0.925	297.078345	296.565865	295.325614	297.078345	1.75273096	0	0	307.15	0	0	3
38	5	0	0.95	297.165961	296.657882	295.539998	297.165961	1.6259631	0	0	307.147	0	0	3
39	6	0	0.975	297.160228	296.738894	295.73194	297.165961	1.43402083	0	0	307.1	0	0	3
40	6	0	1	297.173607	296.810977	295.969095	297.173607	1.20451195	0.58936263	48.9	307.037	0	0	3
41	6	0	1.025	297.174113	296.871228	296.169364	297.174113	1.00474873	0.589438457	58.6	307.033	0	0	3
42	6	0	1.05	297.263392	296.925929	296.335302	297.263392	0.928090577	0.596134438	64.2	307.027	0	0	3
43	6	0	1.075	297.342738	296.976301	296.473072	297.342738	0.86966596	0.601380018	69.1	307.034	0	0	3
44	6	0	1.1	297.431099	296.997958	296.473072	297.431099	0.958027058	0.606477372	63.3	307.048	0	0	3
45	6	0	1.125	297.442924	297.044142	296.587056	297.442924	0.855867958	0.608520195	71	307.052	0	0	3
46	6	0	1.15	297.438129	297.084669	296.706898	297.442924	0.736026374	0.609882077	82.8	307.071	0	0	3
47	7	0	1.175	297.424275	297.11883	296.788134	297.442924	0.654789485	0.609519717	93	307.077	0	0	3
48	7	0	1.2	297.393804	297.147671	296.847077	297.442924	0.595847328	0.607819842	100	307.083	0	0	3
49	7	0	1.225	297.310193	297.169724	296.864	297.442924	0.578924456	0.605032017	100	307.126	0	0	3
50	7	0	1.25	297.285123	297.189494	296.864	297.442924	0.578924456	0.601308086	100	307.182	0	0	3
51	7	0	1.275	297.228112	297.206832	296.902626	297.442924	0.540297794	0.596014383	100	307.085	0	0	3
52	7	0	1.3	297.215417	297.221727	296.936889	297.442924	0.50603485	0.589392936	100	307.158	0	0	3
53	7	0	1.325	297.19785	297.234154	297.007254	297.442924	0.435669486	0.58936263	100	307.26	0	0	3
54	7	0	1.35	297.209168	297.243769	297.049992	297.442924	0.392931734	0.58936263	100	307.184	0	0	3
55	8	0	1.375	297.192795	297.250171	297.049992	297.442924	0.392931734	0.58936263	100	307.171	0	0	3
56	8	0	1.4	297.146502	297.254767	297.076324	297.442924	0.366599717	0.58936263	100	307.137	0	0	3
57	8	0	1.425	297.135167	297.257569	297.078345	297.442924	0.364579042	0.58936263	100	307.249	0	0	3
