Iteration	CPUTime	PhysTime	Travels	Value	AvValue	MinValue	MaxValue	Delta	Criteria	Progress	dGMaxMin	CriteriaType	CriteriaVarType	CriteriaPercentage
1	1	0	0.025	1207646.98	1207646.98	1207646.98	1207646.98	0	0	0	0	0	0	3
2	1	0	0.05	2912783.04	2060215.01	1207646.98	2912783.04	852568.033	0	0	0	0	0	3
3	1	0	0.075	2943110.43	2354513.48	1207646.98	2943110.43	1146866.51	0	0	0	0	0	3
4	1	0	0.1	3114833.05	2544593.37	1207646.98	3114833.05	1336946.4	0	0	0	0	0	3
5	2	0	0.125	3079635.17	2651601.73	1207646.98	3114833.05	1443954.76	0	0	0	0	0	3
6	2	0	0.15	3287213.14	2757536.97	1207646.98	3287213.14	1549889.99	0	0	0	0	0	3
7	2	0	0.175	3659311.6	2886361.92	1207646.98	3659311.6	1678714.94	0	0	0	0	0	3
8	2	0	0.2	3866455.71	3008873.64	1207646.98	3866455.71	1801226.66	0	0	0	0	0	3
9	2	0	0.225	4643411.23	3190488.93	1207646.98	4643411.23	1982841.95	0	0	0	0	0	3
10	2	0	0.25	4797829.75	3351223.01	1207646.98	4797829.75	2143576.03	0	0	0	0	0	3
11	2	0	0.275	5946751.36	3587180.13	1207646.98	5946751.36	2379533.16	0	0	0	0	0	3
12	2	0	0.3	6655498.83	3842873.36	1207646.98	6655498.83	2635226.38	0	0	0	0	0	3
13	2	0	0.325	7496389.3	4123913.04	1207646.98	7496389.3	2916266.07	0	0	0	0	0	3
14	2	0	0.35	8336118.33	4424784.85	1207646.98	8336118.33	3217137.87	0	0	0	0	0	3
15	2	0	0.375	7845602.41	4652839.35	1207646.98	8336118.33	3445192.38	0	0	0	0	0	3
16	2	0	0.4	9655306.14	4965493.53	1207646.98	9655306.14	3757846.55	0	0	0	0	0	3
17	3	0	0.425	10029095.2	5263352.45	1207646.98	10029095.2	4055705.47	0	0	0	0	0	3
18	3	0	0.45	9455702.44	5496260.78	1207646.98	10029095.2	4288613.8	0	0	0	0	0	3
19	3	0	0.475	12702903.7	5875557.78	1207646.98	12702903.7	4667910.8	0	0	0	0	0	3
20	3	0	0.5	11780777.7	6170818.77	1207646.98	12702903.7	4963171.8	0	0	0	0	0	3
21	3	0	0.525	12011992	6711036.02	2912783.04	12702903.7	4650821.01	0	0	0	0	0	3
22	3	0	0.55	12580871.8	7194440.46	2943110.43	12702903.7	4839926.98	0	0	0	0	0	3
23	3	0	0.575	13083253.6	7701447.62	3079635.17	13083253.6	5156854.24	0	0	0	0	0	3
24	3	0	0.6	13475630.4	8219487.48	3079635.17	13475630.4	5567885.75	0	0	0	0	0	3
25	3	0	0.625	14207060.3	8775858.74	3287213.14	14207060.3	6018321.77	0	0	0	0	0	3
26	3	0	0.65	14826939.1	9352845.04	3659311.6	14826939.1	6466483.12	0	0	0	0	0	3
27	3	0	0.675	13974295.9	9868594.25	3866455.71	14826939.1	6859720.61	0	0	0	0	0	3
28	4	0	0.7	14718124.4	10411177.7	4643411.23	14826939.1	7220688.76	0	0	0	0	0	3
29	4	0	0.725	16221765.7	10990095.4	4797829.75	16221765.7	7638872.41	0	0	0	0	0	3
30	4	0	0.75	9746131.67	11237510.5	5946751.36	16221765.7	7650330.38	0	0	0	0	0	3
31	4	0	0.775	10929951.1	11486670.5	6655498.83	16221765.7	7643797.14	0	0	0	0	0	3
32	4	0	0.8	13908360.4	11849313.6	7496389.3	16221765.7	7725400.53	0	0	0	0	0	3
33	4	0	0.825	8310609.57	11890024.6	7845602.41	16221765.7	7465239.74	0	0	0	0	0	3
34	4	0	0.85	8921495.41	11919293.4	7845602.41	16221765.7	7266454.09	0	0	0	0	0	3
35	4	0	0.875	6834523	11868739.5	6834523	16221765.7	6953799.91	0	0	0	0	0	3
36	4	0	0.9	6475683.84	11709758.4	6475683.84	16221765.7	6655940.99	0	0	0	0	0	3
37	4	0	0.925	6215529.22	11519080.1	6215529.22	16221765.7	6423032.66	0	0	0	0	0	3
38	4	0	0.95	5125149.13	11302552.4	5125149.13	16221765.7	6043735.66	0	0	0	0	0	3
39	5	0	0.975	4929323.73	10913873.4	4929323.73	16221765.7	5748474.67	0	0	0	0	0	3
40	5	0	1	5600940.16	10604881.5	4929323.73	16221765.7	5208257.42	1991798.29	38.2	0	0	0	3
41	5	0	1.025	5628506.16	10285707.2	4929323.73	16221765.7	4724852.98	1991798.29	42.1	0	0	0	3
42	5	0	1.05	5602867.54	9936807.02	4929323.73	16221765.7	4217845.82	1991798.29	47.2	0	0	0	3
43	5	0	1.075	7001712.43	9632729.96	4929323.73	16221765.7	3699805.96	1991798.29	53.8	0	0	0	3
44	5	0	1.1	4477243.9	9387230.62	4477243.9	16221765.7	3699805.96	1991798.29	53.8	0	0	0	3
45	5	0	1.125	2655639.86	8871992.98	2655639.86	16221765.7	3143434.7	1992230.92	63.3	0	0	0	3
46	5	0	1.15	2816143.23	8329568.36	2655639.86	16221765.7	3589725.09	1999345.58	55.6	0	0	0	3
47	5	0	1.175	5762831.5	7897944.18	2655639.86	16221765.7	4021349.26	2004427.48	49.8	0	0	0	3
48	5	0	1.2	8976508.61	7659954.31	2655639.86	16221765.7	4259339.13	2008238.91	47.1	0	0	0	3
49	6	0	1.225	10932246.9	7479674.43	2655639.86	16221765.7	4439619.01	2011203.35	45.3	0	0	0	3
50	6	0	1.25	12250780.2	7290579.89	2655639.86	13908360.4	4628713.56	2013574.9	43.5	0	0	0	3
51	6	0	1.275	6551090.47	7138435.07	2655639.86	13908360.4	4780858.37	2015515.26	42.1	0	0	0	3
52	6	0	1.3	7649913.95	6982242.82	2655639.86	13908360.4	4937050.62	2017132.23	40.8	0	0	0	3
53	6	0	1.325	5291728.71	6571927.03	2655639.86	12250780.2	5347366.41	2018500.43	37.7	0	0	0	3
54	6	0	1.35	6558778.15	6488506.48	2655639.86	12250780.2	5430786.96	2019673.18	37.1	0	0	0	3
55	6	0	1.375	5359635.03	6318894.09	2655639.86	12250780.2	5549845.39	2020689.56	36.4	0	0	0	3
56	6	0	1.4	6796224.48	6317070.35	2655639.86	12250780.2	5392688.01	2021578.89	37.4	0	0	0	3
57	7	0	1.425	5370872.78	6264460.3	2655639.86	12250780.2	5254619.76	2022363.6	38.4	0	0	0	3
58	7	0	1.45	6668990.34	6286053.68	2655639.86	12250780.2	5038092.1	2023061.11	40.1	0	0	0	3
59	7	0	1.475	5208417.82	6290018.86	2655639.86	12250780.2	4649413.1	2023685.21	43.5	0	0	0	3
60	7	0	1.5	6733554.9	6375934.63	2655639.86	12250780.2	4340421.22	2024246.89	46.6	0	0	0	3
61	7	0	1.525	5076394.67	6350956.27	2655639.86	12250780.2	4021246.93	2024755.08	50.3	0	0	0	3
62	7	0	1.55	11565629	6633676.4	2655639.86	12250780.2	3672346.72	2025217.07	55.1	0	0	0	3
63	7	0	1.575	6471762.9	6675052.37	2655639.86	12250780.2	3368269.66	2025638.89	60.1	0	0	0	3
64	7	0	1.6	7021227.91	6675981.68	2655639.86	12250780.2	3122770.32	2026025.55	64.8	0	0	0	3
65	7	0	1.625	5710548.94	6734710.49	2655639.86	12250780.2	2607532.68	2026381.29	77.7	0	0	0	3
66	7	0	1.65	6899031.09	6936776.74	2816143.23	12250780.2	2065108.06	2026709.66	98.1	0	0	0	3
67	7	0	1.675	5436892.55	7061574.33	5076394.67	12250780.2	1633483.89	2027013.7	100	0	0	0	3
