Iteration	CPUTime	PhysTime	Travels	Value	AvValue	MinValue	MaxValue	Delta	Criteria	Progress	dGMaxMin	CriteriaType	CriteriaVarType	CriteriaPercentage
1	1	0	0.025	293.231535	293.231535	293.231535	293.231535	0	0	0	306.8	0	0	3
2	1	0	0.05	293.297171	293.264353	293.231535	293.297171	0.0328181487	0	0	306.8	0	0	3
3	1	0	0.075	293.364873	293.29786	293.231535	293.364873	0.0663247741	0	0	306.8	0	0	3
4	1	0	0.1	293.433739	293.33183	293.231535	293.433739	0.100294614	0	0	306.8	0	0	3
5	1	0	0.125	293.50598	293.36666	293.231535	293.50598	0.135124753	0	0	306.8	0	0	3
6	1	0	0.15	293.635368	293.411444	293.231535	293.635368	0.179909488	0	0	306.8	0	0	3
7	2	0	0.175	293.795314	293.466283	293.231535	293.795314	0.234747985	0	0	306.8	0	0	3
8	2	0	0.2	293.963751	293.528466	293.231535	293.963751	0.296931553	0	0	306.8	0	0	3
9	2	0	0.225	294.132319	293.595561	293.231535	294.132319	0.364026284	0	0	306.8	0	0	3
10	2	0	0.25	294.299371	293.665942	293.231535	294.299371	0.434407225	0	0	306.8	0	0	3
11	2	0	0.275	294.546759	293.746016	293.231535	294.546759	0.514481491	0	0	306.801	0	0	3
12	2	0	0.3	294.791397	293.833132	293.231535	294.791397	0.601596578	0	0	306.801	0	0	3
13	2	0	0.325	295.033567	293.925473	293.231535	295.033567	0.693937739	0	0	306.801	0	0	3
14	3	0	0.35	295.272875	294.021716	293.231535	295.272875	0.790180732	0	0	306.801	0	0	3
15	3	0	0.375	295.509385	294.120894	293.231535	295.509385	0.889358659	0	0	306.801	0	0	3
16	3	0	0.4	295.857024	294.229402	293.231535	295.857024	0.997866802	0	0	306.802	0	0	3
17	3	0	0.425	296.198308	294.34522	293.231535	296.198308	1.11368479	0	0	306.802	0	0	3
18	3	0	0.45	296.532917	294.466758	293.231535	296.532917	1.23522354	0	0	306.802	0	0	3
19	3	0	0.475	296.861117	294.592777	293.231535	296.861117	1.36124241	0	0	306.802	0	0	3
20	3	0	0.5	297.182575	294.722267	293.231535	297.182575	1.49073228	0	0	306.802	0	0	3
21	4	0	0.525	297.650909	294.943236	293.297171	297.650909	1.67888283	0	0	306.802	0	0	3
22	4	0	0.55	298.104631	295.183609	293.364873	298.104631	1.88574918	0	0	306.801	0	0	3
23	4	0	0.575	298.543366	295.442534	293.433739	298.543366	2.11070397	0	0	306.8	0	0	3
24	4	0	0.6	298.967164	295.719205	293.50598	298.967164	2.35254506	0	0	306.8	0	0	3
25	4	0	0.625	299.375806	296.012696	293.635368	299.375806	2.60125162	0	0	306.8	0	0	3
26	4	0	0.65	299.955866	296.328721	293.795314	299.955866	2.86243802	0	0	306.8	0	0	3
27	4	0	0.675	300.500761	296.663993	293.963751	300.500761	3.13552681	0	0	306.8	0	0	3
28	5	0	0.7	301.009107	297.016261	294.132319	301.009107	3.42069985	0	0	306.8	0	0	3
29	5	0	0.725	301.478814	297.383586	294.299371	301.478814	3.71764367	0	0	306.8	0	0	3
30	5	0	0.75	301.908555	297.764045	294.546759	301.908555	4.0180286	0	0	306.8	0	0	3
31	5	0	0.775	302.462855	298.15985	294.791397	302.462855	4.32671832	0	0	306.8	0	0	3
32	5	0	0.8	302.92456	298.566508	295.033567	302.92456	4.64103529	0	0	306.8	0	0	3
33	5	0	0.825	303.296899	298.979675	295.272875	303.296899	4.9579589	0	0	306.8	0	0	3
34	5	0	0.85	303.587087	299.395385	295.509385	303.587087	5.27449161	0	0	306.8	0	0	3
35	5	0	0.875	303.805349	299.810183	295.857024	303.805349	5.58078166	0	0	306.8	0	0	3
36	6	0	0.9	304.010235	300.217844	296.198308	304.010235	5.87262424	0	0	306.8	0	0	3
37	6	0	0.925	304.128289	300.614343	296.532917	304.128289	6.14758455	0	0	306.8	0	0	3
38	6	0	0.95	304.188557	300.997125	296.861117	304.188557	6.40434768	0	0	306.8	0	0	3
39	6	0	0.975	304.213237	301.364731	297.182575	304.213237	6.6424638	0	0	306.8	0	0	3
40	6	0	1	304.217631	301.716484	297.650909	304.217631	6.56672171	1.62791365	24.7	306.8	0	0	3
41	6	0	1.025	304.2059	302.044233	298.104631	304.217631	6.11299999	1.62791365	26.6	306.8	0	0	3
42	6	0	1.05	304.191245	302.348564	298.543366	304.217631	5.67426506	1.62791365	28.6	306.8	0	0	3
43	7	0	1.075	304.180796	302.630436	298.967164	304.217631	5.25046702	1.62791365	31	306.8	0	0	3
44	7	0	1.1	304.175593	302.704015	298.967164	304.217631	5.25046702	1.62791365	31	306.8	0	0	3
45	7	0	1.125	304.174854	302.952	299.375806	304.217631	4.84182456	1.62791365	33.6	306.8	0	0	3
46	7	0	1.15	304.176705	303.180614	299.955866	304.217631	4.26176468	1.62791365	38.1	306.8	0	0	3
47	7	0	1.175	304.179809	303.381754	300.500761	304.217631	3.7168696	1.62791365	43.7	306.8	0	0	3
48	7	0	1.2	304.184056	303.557149	301.009107	304.217631	3.20852362	1.62791365	50.7	306.8	0	0	3
49	7	0	1.225	304.188485	303.708548	301.478814	304.217631	2.7388165	1.62791365	59.4	306.8	0	0	3
50	8	0	1.25	304.192631	303.837778	301.908555	304.217631	2.30907607	1.62791365	70.5	306.8	0	0	3
51	8	0	1.275	304.196528	303.946729	302.462855	304.217631	1.75477541	1.62791365	92.7	306.8	0	0	3
52	8	0	1.3	304.200265	304.029462	302.92456	304.217631	1.29307064	1.62791365	100	306.8	0	0	3
53	8	0	1.325	304.203881	304.090382	303.296899	304.217631	0.920731994	1.62791365	100	306.8	0	0	3
