Iteration	CPUTime	PhysTime	Travels	Value	AvValue	MinValue	MaxValue	Delta	Criteria	Progress	dGMaxMin	CriteriaType	CriteriaVarType	CriteriaPercentage
1	1	0	0.025	0.000217983958	0.000217983958	0.000217983958	0.000217983958	0	0	0	0	0	0	3
2	1	0	0.05	-1.02122422e-005	0.000103885858	-1.02122422e-005	0.000217983958	0.0001140981	0	0	0	0	0	3
3	1	0	0.075	8.87873328e-006	7.22168164e-005	-1.02122422e-005	0.000217983958	0.000145767142	0	0	0	0	0	3
4	1	0	0.1	1.1352359e-006	5.44464213e-005	-1.02122422e-005	0.000217983958	0.000163537537	0	0	0	0	0	3
5	1	0	0.125	-1.39009284e-007	4.35293352e-005	-1.02122422e-005	0.000217983958	0.000174454623	0	0	0	0	0	3
6	2	0	0.15	-2.37908271e-006	3.58779322e-005	-1.02122422e-005	0.000217983958	0.000182106026	0	0	0	0	0	3
7	2	0	0.175	-4.53363513e-006	3.01048512e-005	-1.02122422e-005	0.000217983958	0.000187879107	0	0	0	0	0	3
8	2	0	0.2	-4.10237204e-006	2.58289483e-005	-1.02122422e-005	0.000217983958	0.00019215501	0	0	0	0	0	3
9	2	0	0.225	-3.40502036e-006	2.25807295e-005	-1.02122422e-005	0.000217983958	0.000195403229	0	0	0	0	0	3
10	2	0	0.25	-6.17431235e-006	1.97052253e-005	-1.02122422e-005	0.000217983958	0.000198278733	0	0	0	0	0	3
11	2	0	0.275	-2.08042092e-007	1.78949283e-005	-1.02122422e-005	0.000217983958	0.00020008903	0	0	0	0	0	3
12	3	0	0.3	-1.21194292e-006	1.6302689e-005	-1.02122422e-005	0.000217983958	0.000201681269	0	0	0	0	0	3
13	3	0	0.325	-8.59627855e-007	1.49825108e-005	-1.02122422e-005	0.000217983958	0.000203001447	0	0	0	0	0	3
14	3	0	0.35	-9.94826008e-008	1.39052256e-005	-1.02122422e-005	0.000217983958	0.000204078733	0	0	0	0	0	3
15	3	0	0.375	4.73298692e-007	1.30097638e-005	-1.02122422e-005	0.000217983958	0.000204974194	0	0	0	0	0	3
16	3	0	0.4	3.07655418e-007	1.2215882e-005	-1.02122422e-005	0.000217983958	0.000205768076	0	0	0	0	0	3
17	4	0	0.425	1.02023103e-006	1.15573143e-005	-1.02122422e-005	0.000217983958	0.000206426644	0	0	0	0	0	3
18	4	0	0.45	6.30135303e-006	1.12653164e-005	-1.02122422e-005	0.000217983958	0.000206718642	0	0	0	0	0	3
19	4	0	0.475	-2.88951406e-007	1.06571971e-005	-1.02122422e-005	0.000217983958	0.000207326761	0	0	0	0	0	3
20	4	0	0.5	7.46931993e-007	1.01616838e-005	-1.02122422e-005	0.000217983958	0.000207822274	0	0	0	0	0	3
21	4	0	0.525	-2.75730456e-006	-8.75379306e-007	-1.02122422e-005	8.87873328e-006	1.90909754e-005	0	0	0	0	0	3
22	5	0	0.55	1.38091275e-006	-2.95721561e-007	-6.17431235e-006	8.87873328e-006	1.50530456e-005	0	0	0	0	0	3
23	5	0	0.575	-7.06435028e-007	-7.74979976e-007	-6.17431235e-006	6.30135303e-006	1.24756654e-005	0	0	0	0	0	3
24	5	0	0.6	1.11672232e-006	-7.75905655e-007	-6.17431235e-006	6.30135303e-006	1.24756654e-005	0	0	0	0	0	3
25	5	0	0.625	-2.60770018e-007	-7.81993692e-007	-6.17431235e-006	6.30135303e-006	1.24756654e-005	0	0	0	0	0	3
26	5	0	0.65	2.49966868e-006	-5.38056122e-007	-6.17431235e-006	6.30135303e-006	1.24756654e-005	0	0	0	0	0	3
27	5	0	0.675	8.30560261e-007	-2.69846353e-007	-6.17431235e-006	6.30135303e-006	1.24756654e-005	0	0	0	0	0	3
28	6	0	0.7	1.66723152e-006	1.86338253e-008	-6.17431235e-006	6.30135303e-006	1.24756654e-005	0	0	0	0	0	3
29	6	0	0.725	2.15838638e-006	2.96804162e-007	-6.17431235e-006	6.30135303e-006	1.24756654e-005	0	0	0	0	0	3
30	6	0	0.75	1.8252059e-006	6.96780075e-007	-2.75730456e-006	6.30135303e-006	9.05865759e-006	0	0	0	0	0	3
31	6	0	0.775	9.25807722e-007	7.53472566e-007	-2.75730456e-006	6.30135303e-006	9.05865759e-006	0	0	0	0	0	3
32	6	0	0.8	-2.78152053e-007	8.00162109e-007	-2.75730456e-006	6.30135303e-006	9.05865759e-006	0	0	0	0	0	3
33	7	0	0.825	-1.10100608e-007	8.37638471e-007	-2.75730456e-006	6.30135303e-006	9.05865759e-006	0	0	0	0	0	3
34	7	0	0.85	-8.58681763e-007	7.99678513e-007	-2.75730456e-006	6.30135303e-006	9.05865759e-006	0	0	0	0	0	3
35	7	0	0.875	-8.29085819e-007	7.34559288e-007	-2.75730456e-006	6.30135303e-006	9.05865759e-006	0	0	0	0	0	3
36	7	0	0.9	-7.68083817e-007	6.80772326e-007	-2.75730456e-006	6.30135303e-006	9.05865759e-006	0	0	0	0	0	3
37	7	0	0.925	-1.01067821e-006	5.79226864e-007	-2.75730456e-006	6.30135303e-006	9.05865759e-006	0	0	0	0	0	3
38	8	0	0.95	-8.30534081e-007	2.22632508e-007	-2.75730456e-006	2.49966868e-006	5.25697325e-006	0	0	0	0	0	3
39	8	0	0.975	-1.178167e-006	1.78171728e-007	-2.75730456e-006	2.49966868e-006	5.25697325e-006	0	0	0	0	0	3
40	8	0	1	-7.90087929e-007	1.01320732e-007	-2.75730456e-006	2.49966868e-006	1.71301778e-006	0.229517232	100	0	0	0	3
41	8	0	1.025	-5.19581398e-007	2.1320689e-007	-1.178167e-006	2.49966868e-006	1.61963216e-006	0.229517232	100	0	0	0	3
42	9	0	1.05	-6.27584972e-007	1.12782004e-007	-1.178167e-006	2.49966868e-006	1.61963216e-006	0.229517232	100	0	0	0	3
43	9	0	1.075	-5.89687204e-007	1.18619396e-007	-1.178167e-006	2.49966868e-006	1.61963216e-006	0.229517232	100	0	0	0	3
44	9	0	1.1	-4.93567214e-007	8.94676524e-008	-1.178167e-006	2.49966868e-006	1.61963216e-006	0.229517232	100	0	0	0	3
45	9	0	1.125	-9.89757915e-007	-1.08409302e-008	-1.178167e-006	2.49966868e-006	1.61963216e-006	0.229517232	100	0	0	0	3
46	9	0	1.15	-7.92599596e-007	-3.61661482e-008	-1.178167e-006	2.49966868e-006	1.37569459e-006	0.229517232	100	0	0	0	3
47	10	0	1.175	-4.91252596e-007	-1.78590971e-007	-1.178167e-006	2.15838638e-006	1.10748482e-006	0.229517232	100	0	0	0	3
48	10	0	1.2	-4.02925597e-007	-2.37328393e-007	-1.178167e-006	2.15838638e-006	1.07496686e-006	0.229517232	100	0	0	0	3
49	10	0	1.225	-6.81459517e-007	-3.49170823e-007	-1.178167e-006	2.15838638e-006	1.18680929e-006	0.229517232	100	0	0	0	3
50	10	0	1.25	-4.75339381e-007	-4.74586335e-007	-1.178167e-006	1.8252059e-006	1.31222481e-006	0.229517232	100	0	0	0	3
51	10	0	1.275	-3.51803251e-007	-5.78253438e-007	-1.178167e-006	9.25807722e-007	1.41589191e-006	0.229517232	100	0	0	0	3
52	11	0	1.3	-4.37109705e-007	-6.43154268e-007	-1.178167e-006	-1.10100608e-007	1.06806639e-006	0.229517232	100	0	0	0	3
53	11	0	1.325	-3.1680353e-007	-6.44994814e-007	-1.178167e-006	-1.10100608e-007	1.06806639e-006	0.229517232	100	0	0	0	3
