Iteration	CPUTime	PhysTime	Travels	Value	AvValue	MinValue	MaxValue	Delta	Criteria	Progress	dGMaxMin	CriteriaType	CriteriaVarType	CriteriaPercentage
1	0	0	0.025	101337.602	101337.602	101337.602	101337.602	0	0	0	3598.98	0	0	3
2	1	0	0.05	101329.817	101333.709	101329.817	101337.602	3.89253639	0	0	4142.83	0	0	3
3	1	0	0.075	101330.651	101332.69	101329.817	101337.602	4.91180097	0	0	3665.64	0	0	3
4	1	0	0.1	101327.831	101331.475	101327.831	101337.602	6.1266283	0	0	3354.58	0	0	3
5	1	0	0.125	101328.036	101330.787	101327.831	101337.602	6.81441455	0	0	3426	0	0	3
6	1	0	0.15	101328.782	101330.453	101327.831	101337.602	7.14858572	0	0	3502.35	0	0	3
7	1	0	0.175	101329.947	101330.381	101327.831	101337.602	7.22090997	0	0	3532.71	0	0	3
8	2	0	0.2	101330.514	101330.398	101327.831	101337.602	7.22090997	0	0	3596.47	0	0	3
9	2	0	0.225	101329.918	101330.344	101327.831	101337.602	7.25751217	0	0	3577.81	0	0	3
10	2	0	0.25	101327.153	101330.025	101327.153	101337.602	7.5766043	0	0	3509.03	0	0	3
11	2	0	0.275	101329.193	101329.949	101327.153	101337.602	7.65228397	0	0	3476.87	0	0	3
12	2	0	0.3	101329.142	101329.882	101327.153	101337.602	7.71960433	0	0	3427.56	0	0	3
13	2	0	0.325	101328.245	101329.756	101327.153	101337.602	7.84552528	0	0	3418.01	0	0	3
14	2	0	0.35	101328.663	101329.678	101327.153	101337.602	7.92361591	0	0	3330.74	0	0	3
15	3	0	0.375	101329.067	101329.637	101327.153	101337.602	7.96434776	0	0	3338.84	0	0	3
16	3	0	0.4	101328.947	101329.594	101327.153	101337.602	8.00752605	0	0	3259.16	0	0	3
17	3	0	0.425	101329.886	101329.611	101327.153	101337.602	8.00752605	0	0	3257.21	0	0	3
18	3	0	0.45	101329.866	101329.626	101327.153	101337.602	8.00752605	0	0	3171.13	0	0	3
19	3	0	0.475	101330.794	101329.687	101327.153	101337.602	8.00752605	0	0	3157.3	0	0	3
20	3	0	0.5	101331.133	101329.759	101327.153	101337.602	8.00752605	0	0	3110.88	0	0	3
21	4	0	0.525	101331.995	101329.479	101327.153	101331.995	4.23018183	0	0	3140.47	0	0	3
22	4	0	0.55	101333.121	101329.644	101327.153	101333.121	3.21091726	0	0	3080.86	0	0	3
23	4	0	0.575	101333.335	101329.778	101327.153	101333.335	1.99608992	0	0	3038.95	0	0	3
24	4	0	0.6	101333.483	101330.061	101327.153	101333.483	1.30830368	0	0	2936.48	0	0	3
25	4	0	0.625	101333.212	101330.32	101327.153	101333.483	0.974132502	0	0	2963.38	0	0	3
26	4	0	0.65	101333.442	101330.553	101327.153	101333.483	1.07380868	0	0	2902.41	0	0	3
27	4	0	0.675	101333.65	101330.738	101327.153	101333.65	1.25894125	0	0	2914.03	0	0	3
28	5	0	0.7	101333.996	101330.912	101327.153	101333.996	1.43302679	0	0	2826.67	0	0	3
29	5	0	0.725	101333.872	101331.11	101327.153	101333.996	1.63073756	0	0	2857.39	0	0	3
30	5	0	0.75	101334.132	101331.459	101328.245	101334.132	1.97964976	0	0	2763.11	0	0	3
31	5	0	0.775	101334.035	101331.701	101328.245	101334.132	2.22176031	0	0	2790.36	0	0	3
32	5	0	0.8	101334.316	101331.96	101328.245	101334.316	2.48048286	0	0	2701.54	0	0	3
33	5	0	0.825	101334.875	101332.291	101328.663	101334.875	2.81197796	0	0	2741.98	0	0	3
34	5	0	0.85	101335.684	101332.642	101328.947	101335.684	3.16301919	0	0	2629.41	0	0	3
35	6	0	0.875	101336.497	101333.014	101328.947	101336.497	3.53449136	0	0	2669	0	0	3
36	6	0	0.9	101337.086	101333.42	101329.866	101337.086	3.94147428	0	0	2626.24	0	0	3
37	6	0	0.925	101337.508	101333.802	101329.866	101337.508	4.32258257	0	0	2661.5	0	0	3
38	6	0	0.95	101338.012	101334.209	101330.794	101338.012	4.72986873	0	0	2594.17	0	0	3
39	6	0	0.975	101338.388	101334.589	101331.133	101338.388	5.10958509	0	0	2616.23	0	0	3
40	6	0	1	101338.91	101334.977	101331.995	101338.91	5.49842171	1.76350411	32	2608.84	0	0	3
41	6	0	1.025	101339.235	101335.339	101333.121	101339.235	5.69515862	1.81219691	31.8	2605.25	0	0	3
42	6	0	1.05	101339.652	101335.666	101333.212	101339.652	5.88751525	1.8435218	31.3	2599.77	0	0	3
43	7	0	1.075	101340.131	101336.006	101333.212	101340.131	5.9447123	1.87790705	31.5	2597.78	0	0	3
44	7	0	1.1	101340.669	101336.228	101333.212	101340.669	6.16678343	1.91527833	31	2597.59	0	0	3
45	7	0	1.125	101341.24	101336.597	101333.212	101341.24	6.27738593	1.95483359	31.1	2587.28	0	0	3
46	7	0	1.15	101341.741	101337.003	101333.442	101341.741	6.45055633	1.99372974	30.9	2587.59	0	0	3
47	7	0	1.175	101342.032	101337.412	101333.65	101342.032	6.67449667	2.02774621	30.3	2583.62	0	0	3
48	7	0	1.2	101342.4	101337.829	101333.872	101342.4	6.91710591	2.0601558	29.7	2567.02	0	0	3
49	7	0	1.225	101342.675	101338.242	101333.872	101342.675	7.13269974	2.089951	29.3	2569.65	0	0	3
50	7	0	1.25	101342.732	101338.664	101334.035	101342.732	7.20568658	2.11463709	29.3	2544.18	0	0	3
51	8	0	1.275	101342.626	101339.069	101334.035	101342.732	7.36809158	2.11994585	28.7	2553.56	0	0	3
52	8	0	1.3	101342.583	101339.476	101334.316	101342.732	7.51644204	2.12436981	28.2	2519.64	0	0	3
53	8	0	1.325	101342.364	101339.859	101334.875	101342.732	7.56820458	2.12811317	28.1	2529.12	0	0	3
54	8	0	1.35	101342.202	101340.208	101335.684	101342.732	7.04828206	2.12684551	30.1	2509.91	0	0	3
55	8	0	1.375	101342.126	101340.515	101336.497	101342.732	6.23546309	2.12291094	34	2505	0	0	3
56	8	0	1.4	101341.752	101340.765	101337.086	101342.732	5.64585447	2.11946819	37.5	2490.9	0	0	3
57	8	0	1.425	101341.7	101340.985	101337.508	101342.732	5.22357102	2.10831817	40.3	2497.27	0	0	3
58	8	0	1.45	101341.42	101341.171	101338.012	101342.732	4.72039546	2.09840704	44.4	2470.98	0	0	3
59	9	0	1.475	101341.423	101341.334	101338.388	101342.732	4.34365016	2.08221175	47.9	2492.29	0	0	3
60	9	0	1.5	101341.348	101341.474	101338.91	101342.732	3.82205212	2.06509205	54	2466.62	0	0	3
61	9	0	1.525	101341.541	101341.6	101339.235	101342.732	3.49743346	2.04344643	58.4	2489.54	0	0	3
62	9	0	1.55	101341.693	101341.717	101339.652	101342.732	3.07976822	2.01608975	65.4	2475.47	0	0	3
63	9	0	1.575	101342.12	101341.834	101340.131	101342.732	2.60089587	1.99051848	76.5	2495.01	0	0	3
64	9	0	1.6	101342.469	101341.946	101340.669	101342.732	2.06279856	1.96707816	95.3	2483.85	0	0	3
65	9	0	1.625	101342.837	101342.049	101341.24	101342.837	1.5966891	1.9461429	100	2481.79	0	0	3
