Iteration	CPUTime	PhysTime	Travels	Value	AvValue	MinValue	MaxValue	Delta	Criteria	Progress	dGMaxMin	CriteriaType	CriteriaVarType	CriteriaPercentage
1	2	0	0.0188307691	-3.10476186	-3.10476186	-3.10476186	-3.10476186	0	0	0	0	0	0	3
2	3	0	0.0376615382	-3.10774433	-3.1062531	-3.10774433	-3.10476186	0.00149123534	0	0	0	0	0	3
3	3	0	0.0564923072	-3.11364919	-3.10871846	-3.11364919	-3.10476186	0.00395659955	0	0	0	0	0	3
4	4	0	0.0753230763	-3.1157267	-3.11047052	-3.1157267	-3.10476186	0.00570865953	0	0	0	0	0	3
5	4	0	0.0941538454	-3.11749119	-3.11187466	-3.11749119	-3.10476186	0.00711279348	0	0	0	0	0	3
6	5	0	0.112984614	-3.11745773	-3.11280517	-3.11749119	-3.10476186	0.00804330635	0	0	0	0	0	3
7	5	0	0.131815384	-3.1199979	-3.1138327	-3.1199979	-3.10476186	0.00907083948	0	0	0	0	0	3
8	6	0	0.150646153	-3.12613842	-3.11537092	-3.12613842	-3.10476186	0.0106090541	0	0	0	0	0	3
9	6	0	0.169476922	-3.12732977	-3.11669968	-3.12732977	-3.10476186	0.011937816	0	0	0	0	0	3
10	7	0	0.188307691	-3.12883019	-3.11791273	-3.12883019	-3.10476186	0.0131508668	0	0	0	0	0	3
11	7	0	0.20713846	-3.13609078	-3.11956528	-3.13609078	-3.10476186	0.0148034164	0	0	0	0	0	3
12	8	0	0.225969229	-3.13841446	-3.12113604	-3.13841446	-3.10476186	0.0163741812	0	0	0	0	0	3
13	9	0	0.244799998	-3.14344508	-3.12285212	-3.14344508	-3.10476186	0.018090261	0	0	0	0	0	3
14	9	0	0.263630767	-3.14143184	-3.12417925	-3.14344508	-3.10476186	0.0194173833	0	0	0	0	0	3
15	10	0	0.282461536	-3.13725749	-3.12505113	-3.14344508	-3.10476186	0.0202892659	0	0	0	0	0	3
16	11	0	0.301292305	-3.13214519	-3.12549451	-3.14344508	-3.10476186	0.0207326445	0	0	0	0	0	3
17	12	0	0.320123074	-3.13350532	-3.12596573	-3.14344508	-3.10476186	0.0212038685	0	0	0	0	0	3
18	12	0	0.338953843	-3.13877627	-3.12667743	-3.14344508	-3.10476186	0.0219155654	0	0	0	0	0	3
19	13	0	0.357784612	-3.14400472	-3.12758939	-3.14400472	-3.10476186	0.0228275283	0	0	0	0	0	3
20	13	0	0.376615382	-3.14828094	-3.12862397	-3.14828094	-3.10476186	0.0238621059	0	0	0	0	0	3
21	14	0	0.395446151	-3.15377175	-3.12982148	-3.15377175	-3.10476186	0.0250596192	0	0	0	0	0	3
22	14	0	0.41427692	-3.15472706	-3.13095355	-3.15472706	-3.10476186	0.0261916911	0	0	0	0	0	3
23	15	0	0.433107689	-3.15530003	-3.1320121	-3.15530003	-3.10476186	0.0272502337	0	0	0	0	0	3
24	15	0	0.451938458	-3.15882442	-3.13312928	-3.15882442	-3.10476186	0.028367414	0	0	0	0	0	3
25	16	0	0.470769227	-3.15765748	-3.1341104	-3.15882442	-3.10476186	0.0293485422	0	0	0	0	0	3
26	16	0	0.489599996	-3.15408712	-3.13487874	-3.15882442	-3.10476186	0.0301168774	0	0	0	0	0	3
27	17	0	0.508430765	-3.14931179	-3.1354133	-3.15882442	-3.10476186	0.0306514348	0	0	0	0	0	3
28	18	0	0.527261534	-3.14410698	-3.13687052	-3.15882442	-3.10774433	0.030617426	0	0	0	0	0	3
29	18	0	0.546092303	-3.13929079	-3.13803891	-3.15882442	-3.11364919	0.0293204492	0	0	0	0	0	3
30	19	0	0.564923072	-3.13077438	-3.13867318	-3.15882442	-3.1157267	0.0282026553	0	0	0	0	0	3
31	19	0	0.583753841	-3.12428785	-3.13899026	-3.15882442	-3.11745773	0.0271156008	0	0	0	0	0	3
32	20	0	0.60258461	-3.12466153	-3.13925582	-3.15882442	-3.11745773	0.0264506559	0	0	0	0	0	3
33	21	0	0.62141538	-3.12248303	-3.13944195	-3.15882442	-3.1199979	0.025609245	0	0	0	0	0	3
34	21	0	0.640246149	-3.12398757	-3.13958971	-3.15882442	-3.12248303	0.024218796	0	0	0	0	0	3
35	22	0	0.659076918	-3.12471966	-3.13953717	-3.15882442	-3.12248303	0.0228900341	0	0	0	0	0	3
36	22	0	0.677907687	-3.12839279	-3.13957654	-3.15882442	-3.12248303	0.0216769833	0	0	0	0	0	3
37	23	0	0.696738456	-3.12804074	-3.1395473	-3.15882442	-3.12248303	0.0200244336	0	0	0	0	0	3
38	24	0	0.715569225	-3.12618132	-3.13918028	-3.15882442	-3.12248303	0.0184536688	0	0	0	0	0	3
39	24	0	0.734399994	-3.13139224	-3.1389202	-3.15882442	-3.12248303	0.0167375891	0	0	0	0	0	3
40	25	0	0.753230763	-3.12499943	-3.13823703	-3.15882442	-3.12248303	0.0154104668	0	0	0	0	0	3
41	25	0	0.772061532	-3.12542195	-3.13764407	-3.15882442	-3.12248303	0.0145385841	0	0	0	0	0	3
42	26	0	0.790892301	-3.1197339	-3.13699505	-3.15882442	-3.1197339	0.0140952056	0	0	0	0	0	3
43	26	0	0.80972307	-3.11963749	-3.1365318	-3.15882442	-3.11963749	0.0136239815	0	0	0	0	0	3
44	27	0	0.828553839	-3.11277267	-3.13576392	-3.15882442	-3.11277267	0.0129122847	0	0	0	0	0	3
45	28	0	0.847384608	-3.116858	-3.13495214	-3.15882442	-3.11277267	0.0120003218	0	0	0	0	0	3
46	28	0	0.866215378	-3.11812648	-3.13399368	-3.15882442	-3.11277267	0.0109657442	0	0	0	0	0	3
47	29	0	0.885046147	-3.1158662	-3.13279314	-3.15882442	-3.11277267	0.00976823088	0	0	0	0	0	3
48	29	0	0.903876916	-3.1162004	-3.1314016	-3.15882442	-3.11277267	0.00863615898	0	0	0	0	0	3
49	30	0	0.922707685	-3.11608015	-3.12997024	-3.15882442	-3.11277267	0.00961947567	0	0	0	0	0	3
50	31	0	0.941538454	-3.12005968	-3.12866504	-3.15882442	-3.11277267	0.0109246742	0	0	0	0	0	3
51	31	0	0.960369223	-3.11656467	-3.12709986	-3.15765748	-3.11277267	0.0124898501	0	0	0	0	0	3
52	32	0	0.979199992	-3.11982413	-3.12569863	-3.15408712	-3.11277267	0.0138910855	0	0	0	0	0	3
53	32	0	0.998030761	-3.11865793	-3.12438644	-3.14931179	-3.11277267	0.0152032777	0	0	0	0	0	3
54	33	0	1.01686153	-3.11421256	-3.12308646	-3.14410698	-3.11277267	0.0165032491	0.00138155277	8.3	0	0	0	3
55	34	0	1.0356923	-3.11591656	-3.12204237	-3.13929079	-3.11277267	0.0175473388	0.00138155277	7.8	0	0	0	3
56	34	0	1.05452307	-3.11506253	-3.12114503	-3.13139224	-3.11277267	0.0184446819	0.00138155277	7.4	0	0	0	3
57	35	0	1.07335384	-3.11402962	-3.12052485	-3.13139224	-3.11277267	0.0186195792	0.00138155277	7.4	0	0	0	3
58	35	0	1.09218461	-3.11336865	-3.12012044	-3.13139224	-3.11277267	0.0186195792	0.00138155277	7.4	0	0	0	3
59	36	0	1.11101538	-3.11163624	-3.11963802	-3.13139224	-3.11163624	0.0197560032	0.00138837131	7	0	0	0	3
60	36	0	1.12984614	-3.1109108	-3.11920942	-3.13139224	-3.1109108	0.0203802921	0.00139654422	6.8	0	0	0	3
61	37	0	1.14867691	-3.10797987	-3.11861654	-3.13139224	-3.10797987	0.0209599943	0.00141494313	6.7	0	0	0	3
62	38	0	1.16750768	-3.11038902	-3.11808578	-3.13139224	-3.10797987	0.0214907589	0.00142874231	6.6	0	0	0	3
63	38	0	1.18633845	-3.11168741	-3.11746706	-3.13139224	-3.10797987	0.022080238	0.00143947501	6.5	0	0	0	3
64	39	0	1.20516922	-3.10777286	-3.1167164	-3.13139224	-3.10777286	0.0224638832	0.00144868219	6.4	0	0	0	3
65	39	0	1.22399999	-3.10629783	-3.11597997	-3.13139224	-3.10629783	0.0229402268	0.00146023816	6.3	0	0	0	3
66	40	0	1.24283076	-3.11126217	-3.11523441	-3.12542195	-3.10629783	0.0191241227	0.00146986813	7.6	0	0	0	3
67	41	0	1.26166153	-3.10588917	-3.11452663	-3.12542195	-3.10588917	0.0195327848	0.00147895964	7.5	0	0	0	3
68	41	0	1.2804923	-3.1057549	-3.11379822	-3.12005968	-3.1057549	0.0143047723	0.00148704007	10.3	0	0	0	3
69	42	0	1.29932307	-3.10092747	-3.11310168	-3.12005968	-3.10092747	0.0191322037	0.00150369797	7.8	0	0	0	3
70	43	0	1.31815384	-3.10038197	-3.11238852	-3.12005968	-3.10038197	0.0196777055	0.00151929645	7.7	0	0	0	3
71	43	0	1.3369846	-3.10265901	-3.11201394	-3.12005968	-3.10038197	0.0196777055	0.00153305981	7.7	0	0	0	3
72	44	0	1.35581537	-3.10579699	-3.11160427	-3.12005968	-3.10038197	0.0196777055	0.00154529391	7.8	0	0	0	3
73	44	0	1.37464614	-3.09671438	-3.11081123	-3.12005968	-3.09671438	0.0219819072	0.00156203114	7.1	0	0	0	3
74	45	0	1.39347691	-3.09537478	-3.11005229	-3.12005968	-3.09537478	0.0213493172	0.00157910405	7.3	0	0	0	3
75	46	0	1.41230768	-3.09469303	-3.10925572	-3.12005968	-3.09469303	0.0207145193	0.0015955249	7.7	0	0	0	3
76	46	0	1.43113845	-3.10028137	-3.10867058	-3.12005968	-3.09469303	0.0199944609	0.00161045294	8	0	0	0	3
77	47	0	1.44996922	-3.10147924	-3.10798241	-3.11982413	-3.09469303	0.0191174493	0.00162408289	8.4	0	0	0	3
78	48	0	1.46879999	-3.09832337	-3.10730681	-3.11982413	-3.09469303	0.0183918177	0.00163511834	8.8	0	0	0	3
79	48	0	1.48763076	-3.08688392	-3.1060868	-3.11865793	-3.08688392	0.0182996333	0.00165035745	9	0	0	0	3
80	49	0	1.50646153	-3.0927556	-3.10512746	-3.11591656	-3.08688392	0.0179590074	0.00165891432	9.2	0	0	0	3
81	49	0	1.5252923	-3.09666698	-3.10447762	-3.11591656	-3.08688392	0.017564754	0.00166105423	9.4	0	0	0	3
82	50	0	1.54412306	-3.09172831	-3.10358176	-3.11506253	-3.08688392	0.0175632718	0.00165788109	9.4	0	0	0	3
83	50	0	1.56295383	-3.08207987	-3.10236018	-3.11402962	-3.08207987	0.0181646754	0.00165172558	9	0	0	0	3
84	51	0	1.5817846	-3.09226399	-3.10155404	-3.11336865	-3.08207987	0.0185663952	0.00164598044	8.8	0	0	0	3
85	52	0	1.60061537	-3.09269199	-3.10078824	-3.11168741	-3.08207987	0.0188497795	0.00164060595	8.7	0	0	0	3
86	52	0	1.61944614	-3.08362148	-3.09975066	-3.11168741	-3.08207987	0.0194587619	0.00163556736	8.4	0	0	0	3
87	53	0	1.63827691	-3.08488537	-3.09878675	-3.11168741	-3.08207987	0.019829789	0.00163083415	8.2	0	0	0	3
88	53	0	1.65710768	-3.08541205	-3.09795091	-3.11168741	-3.08207987	0.0201348696	0.00162637936	8	0	0	0	3
89	54	0	1.67593845	-3.08458599	-3.09699524	-3.11168741	-3.08207987	0.0204718196	0.00162217913	7.9	0	0	0	3
90	54	0	1.69476922	-3.08111948	-3.0958631	-3.11126217	-3.08111948	0.0208533031	0.00161901257	7.7	0	0	0	3
91	55	0	1.71359999	-3.0963651	-3.09544059	-3.11126217	-3.08111948	0.0205393873	0.00161601718	7.8	0	0	0	3
92	55	0	1.73243076	-3.07832143	-3.09440442	-3.11126217	-3.07832143	0.0208299919	0.00161538842	7.7	0	0	0	3
93	56	0	1.75126152	-3.07607697	-3.09310127	-3.10588917	-3.07607697	0.0214253601	0.00161192588	7.5	0	0	0	3
94	57	0	1.77009229	-3.08600687	-3.09236489	-3.10579699	-3.07607697	0.0214333323	0.00160863647	7.5	0	0	0	3
95	57	0	1.78892306	-3.08266657	-3.09150976	-3.10579699	-3.07607697	0.0215919212	0.0016015839	7.4	0	0	0	3
96	58	0	1.80775383	-3.07719165	-3.09063066	-3.10579699	-3.07607697	0.021757858	0.00159486717	7.3	0	0	0	3
97	58	0	1.8265846	-3.08436608	-3.09003748	-3.10579699	-3.07607697	0.0219764592	0.00158846285	7.2	0	0	0	3
98	59	0	1.84541537	-3.07903769	-3.08916261	-3.10579699	-3.07607697	0.0224416559	0.00158234963	7	0	0	0	3
99	60	0	1.86424614	-3.07799571	-3.08813294	-3.10147924	-3.07607697	0.0226782925	0.0015765081	6.9	0	0	0	3
100	60	0	1.88307691	-3.07568961	-3.08735424	-3.10147924	-3.07568961	0.0226980461	0.00157117319	6.9	0	0	0	3
101	61	0	1.90190768	-3.08327331	-3.08690604	-3.10147924	-3.07568961	0.0223496796	0.00156606528	7	0	0	0	3
102	62	0	1.92073845	-3.06762614	-3.08590356	-3.10147924	-3.06762614	0.022767017	0.00156620989	6.8	0	0	0	3
103	62	0	1.93956921	-3.07563109	-3.08499059	-3.10147924	-3.06762614	0.0229918261	0.00156634859	6.8	0	0	0	3
104	63	0	1.95839998	-3.08203226	-3.08427033	-3.09832337	-3.06762614	0.0230364808	0.00156634041	6.7	0	0	0	3
105	63	0	1.97723075	-3.07236496	-3.08330891	-3.09666698	-3.06762614	0.0227778958	0.00156633255	6.8	0	0	0	3
106	64	0	1.99606152	-3.0670928	-3.0825759	-3.09666698	-3.0670928	0.0225515546	0.00156595988	6.9	0	0	0	3
107	65	0	2.01489229	-3.08348902	-3.08223269	-3.09666698	-3.0670928	0.0222449252	0.00156404956	7	0	0	0	3
108	65	0	2.03372306	-3.07435089	-3.08140617	-3.0963651	-3.0670928	0.0221755862	0.00156220999	7	0	0	0	3
109	66	0	2.05255383	-3.06801521	-3.08052791	-3.0963651	-3.0670928	0.0218322693	0.00155997148	7.1	0	0	0	3
110	66	0	2.0713846	-3.07696295	-3.08033839	-3.0963651	-3.0670928	0.0212156506	0.00155725957	7.3	0	0	0	3
111	67	0	2.09021537	-3.07468947	-3.07968749	-3.0963651	-3.0670928	0.0211007565	0.00155429494	7.3	0	0	0	3
112	68	0	2.10904614	-3.06158631	-3.07853542	-3.0963651	-3.06158631	0.0212152351	0.00155341111	7.3	0	0	0	3
113	68	0	2.12787691	-3.07524675	-3.07822525	-3.0963651	-3.06158631	0.0205615054	0.00155255725	7.5	0	0	0	3
114	69	0	2.14670767	-3.07420132	-3.07782954	-3.0963651	-3.06158631	0.0201213657	0.00155173184	7.7	0	0	0	3
115	69	0	2.16553844	-3.06304839	-3.07700126	-3.0963651	-3.06158631	0.0199939817	0.0015509335	7.7	0	0	0	3
116	70	0	2.18436921	-3.06772148	-3.07637665	-3.0963651	-3.06158631	0.0194864474	0.00155016091	7.9	0	0	0	3
117	71	0	2.20319998	-3.07498654	-3.0761495	-3.0963651	-3.06158631	0.0192910836	0.00154921036	8	0	0	0	3
118	71	0	2.22203075	-3.06475093	-3.07497861	-3.08600687	-3.06158631	0.019425816	0.00154828951	7.9	0	0	0	3
119	72	0	2.24086152	-3.06828481	-3.07460688	-3.08600687	-3.06158631	0.0184943872	0.00154739699	8.3	0	0	0	3
120	72	0	2.25969229	-3.07205837	-3.07445804	-3.08600687	-3.06158631	0.0179068426	0.00154408924	8.6	0	0	0	3
121	73	0	2.27852306	-3.05866615	-3.07344542	-3.08436608	-3.05866615	0.0180643384	0.00154214649	8.5	0	0	0	3
122	74	0	2.29735383	-3.05991976	-3.07260295	-3.08436608	-3.05866615	0.0180277087	0.00154026089	8.5	0	0	0	3
123	74	0	2.3161846	-3.07566918	-3.07254656	-3.08436608	-3.05866615	0.0174909157	0.00153842994	8.7	0	0	0	3
124	75	0	2.33501537	-3.06222836	-3.07172665	-3.08348902	-3.05866615	0.0174359677	0.0015366513	8.8	0	0	0	3
125	76	0	2.35384613	-3.05994562	-3.07101953	-3.08348902	-3.05866615	0.0171134043	0.00153492276	8.9	0	0	0	3
126	76	0	2.3726769	-3.06792517	-3.07064655	-3.08348902	-3.05866615	0.016707692	0.00153144318	9.1	0	0	0	3
127	77	0	2.39150767	-3.05885546	-3.07002306	-3.08348902	-3.05866615	0.0168829767	0.00152805892	9	0	0	0	3
128	77	0	2.41033844	-3.05421304	-3.06894676	-3.08348902	-3.05421304	0.0169568054	0.00152657145	9	0	0	0	3
129	78	0	2.42916921	-3.07118693	-3.06907864	-3.08348902	-3.05421304	0.016043832	0.00152512364	9.5	0	0	0	3
130	79	0	2.44799998	-3.0607111	-3.06852604	-3.08348902	-3.05421304	0.0157442844	0.00152371393	9.6	0	0	0	3
131	79	0	2.46683075	-3.05213094	-3.06741859	-3.08348902	-3.05213094	0.0158903178	0.00152192249	9.5	0	0	0	3
132	80	0	2.48566152	-3.06782204	-3.06725033	-3.08348902	-3.05213094	0.0153255697	0.00151953991	9.9	0	0	0	3
133	81	0	2.50449229	-3.06506579	-3.06717526	-3.08348902	-3.05213094	0.0150574374	0.00151721765	10	0	0	0	3
134	81	0	2.52332306	-3.04819663	-3.06586813	-3.07696295	-3.04819663	0.0155380409	0.00151642881	9.7	0	0	0	3
135	82	0	2.54215383	-3.06467215	-3.06550966	-3.07696295	-3.04819663	0.0150182496	0.00151554764	10	0	0	0	3
136	83	0	2.56098459	-3.0613646	-3.06526334	-3.07696295	-3.04819663	0.0150750529	0.00151468796	10	0	0	0	3
137	83	0	2.57981536	-3.04667782	-3.06414167	-3.07566918	-3.04667782	0.0155458163	0.00151439797	9.7	0	0	0	3
138	84	0	2.59864613	-3.05586047	-3.0634443	-3.07566918	-3.04667782	0.0150911244	0.00151411488	10	0	0	0	3
139	84	0	2.6174769	-3.06689705	-3.06364099	-3.07566918	-3.04667782	0.0147809491	0.00151383846	10.2	0	0	0	3
140	85	0	2.63630767	-3.05425248	-3.06286343	-3.07566918	-3.04667782	0.0149661149	0.00151356846	10.1	0	0	0	3
141	86	0	2.65513844	-3.05882352	-3.06229388	-3.07566918	-3.04667782	0.0147073795	0.00151330467	10.2	0	0	0	3
142	86	0	2.67396921	-3.06710975	-3.0624443	-3.07566918	-3.04667782	0.014082768	0.00151304687	10.7	0	0	0	3
143	87	0	2.69279998	-3.05257117	-3.06188318	-3.07566918	-3.04667782	0.0142663237	0.00151279487	10.6	0	0	0	3
144	88	0	2.71163075	-3.05290748	-3.06106544	-3.07566918	-3.04667782	0.0139131712	0.00151254846	10.8	0	0	0	3
145	88	0	2.73046152	-3.06455681	-3.06105825	-3.07566918	-3.04667782	0.0135486341	0.00150889267	11.1	0	0	0	3
146	89	0	2.74929229	-3.04264186	-3.06010851	-3.07566918	-3.04264186	0.0143495361	0.00150663243	10.4	0	0	0	3
147	89	0	2.76812305	-3.0461847	-3.05915022	-3.07566918	-3.04264186	0.0142952012	0.00150442079	10.5	0	0	0	3
148	90	0	2.78695382	-3.07008038	-3.05957297	-3.07566918	-3.04264186	0.0134527266	0.00150173256	11.1	0	0	0	3
149	90	0	2.80578459	-3.05983063	-3.05956967	-3.07566918	-3.04264186	0.0133963386	0.00149910092	11.1	0	0	0	3
150	91	0	2.82461536	-3.04164723	-3.0583096	-3.07118693	-3.04164723	0.0134170466	0.00149683492	11.1	0	0	0	3
151	92	0	2.84344613	-3.06737568	-3.05850024	-3.07118693	-3.04164723	0.0127099329	0.00149434439	11.7	0	0	0	3
152	93	0	2.8622769	-3.0576357	-3.05841469	-3.07118693	-3.04164723	0.01233695	0.00149190469	12	0	0	0	3
153	93	0	2.88110767	-3.0376941	-3.05729502	-3.07118693	-3.0376941	0.0127280429	0.00149071219	11.7	0	0	0	3
154	94	0	2.89993844	-3.05171571	-3.05703058	-3.07118693	-3.0376941	0.012048053	0.00148954355	12.3	0	0	0	3
155	95	0	2.91876921	-3.06535478	-3.05744324	-3.07118693	-3.0376941	0.012048053	0.00148839804	12.3	0	0	0	3
156	95	0	2.93759998	-3.05724361	-3.05692682	-3.07008038	-3.0376941	0.0115992231	0.00148727499	12.8	0	0	0	3
157	96	0	2.95643075	-3.05178688	-3.05659629	-3.07008038	-3.0376941	0.0108222934	0.00148617376	13.7	0	0	0	3
158	97	0	2.97526151	-3.06812325	-3.0571886	-3.07008038	-3.0376941	0.0106540372	0.00148509369	13.9	0	0	0	3
159	97	0	2.99409228	-3.04046027	-3.0561752	-3.07008038	-3.0376941	0.011000054	0.00148403421	13.4	0	0	0	3
160	98	0	3.01292305	-3.03865465	-3.05519701	-3.07008038	-3.0376941	0.0106711186	0.00148299471	13.8	0	0	0	3
161	99	0	3.03175382	-3.05952143	-3.05561645	-3.07008038	-3.0376941	0.0103126469	0.0014801449	14.3	0	0	0	3
162	99	0	3.05058459	-3.03956618	-3.0546866	-3.07008038	-3.0376941	0.0105767418	0.00147734787	13.9	0	0	0	3
163	100	0	3.06941536	-3.0418175	-3.05396263	-3.07008038	-3.0376941	0.0101790366	0.00147460216	14.4	0	0	0	3
164	100	0	3.08824613	-3.06696302	-3.05471394	-3.07008038	-3.0376941	0.00967836036	0.00147155352	15.2	0	0	0	3
165	101	0	3.1070769	-3.06347513	-3.05499596	-3.07008038	-3.0376941	0.00967836036	0.00146855982	15.1	0	0	0	3
166	101	0	3.12590767	-3.05208118	-3.05444723	-3.07008038	-3.0376941	0.00890079489	0.00146561957	16.4	0	0	0	3
167	102	0	3.14473844	-3.05871172	-3.05461238	-3.07008038	-3.0376941	0.00848166758	0.00146273137	17.2	0	0	0	3
168	102	0	3.1635692	-3.05263835	-3.0543833	-3.07008038	-3.0376941	0.00848166758	0.00145989383	17.2	0	0	0	3
169	103	0	3.18239997	-3.02598258	-3.05286007	-3.07008038	-3.02598258	0.00902310404	0.00146016082	16.1	0	0	0	3
170	104	0	3.20123074	-3.04031718	-3.05240622	-3.07008038	-3.02598258	0.00865921278	0.00146042321	16.8	0	0	0	3
171	104	0	3.22006151	-3.06007005	-3.0526715	-3.07008038	-3.02598258	0.00865202324	0.00146068111	16.8	0	0	0	3
172	105	0	3.23889228	-3.05249232	-3.05222467	-3.07008038	-3.02598258	0.00788383702	0.00146093464	18.5	0	0	0	3
173	105	0	3.25772305	-3.05118785	-3.05254119	-3.07008038	-3.02598258	0.00734830221	0.00146118391	19.8	0	0	0	3
174	106	0	3.27655382	-3.069521	-3.0534055	-3.07008038	-3.02598258	0.00734830221	0.00146142903	19.8	0	0	0	3
175	106	0	3.29538459	-3.04763146	-3.05257405	-3.069521	-3.02598258	0.00734500109	0.00146167009	19.9	0	0	0	3
176	107	0	3.31421536	-3.02781101	-3.05138814	-3.069521	-3.02598258	0.00711209793	0.00146190721	20.5	0	0	0	3
177	107	0	3.33304613	-3.05490168	-3.05187905	-3.069521	-3.02598258	0.00711209793	0.00146104723	20.5	0	0	0	3
178	108	0	3.3518769	-3.03444071	-3.05065923	-3.069521	-3.02598258	0.00775545357	0.00146020113	18.8	0	0	0	3
179	109	0	3.37070766	-3.03251586	-3.04972887	-3.069521	-3.02598258	0.00771437081	0.00145936856	18.9	0	0	0	3
180	109	0	3.38953843	-3.05896862	-3.05051681	-3.069521	-3.02598258	0.00771437081	0.00145854921	18.9	0	0	0	3
181	110	0	3.4083692	-3.06182994	-3.05089142	-3.069521	-3.02598258	0.00771437081	0.00145774277	18.8	0	0	0	3
182	110	0	3.42719997	-3.04291886	-3.05006046	-3.069521	-3.02598258	0.007459733	0.00145694892	19.5	0	0	0	3
183	111	0	3.44603074	-3.06389107	-3.05030666	-3.069521	-3.02598258	0.007459733	0.00145591005	19.5	0	0	0	3
184	112	0	3.46486151	-3.06074802	-3.05063855	-3.069521	-3.02598258	0.007459733	0.00145488715	19.5	0	0	0	3
185	112	0	3.48369228	-3.02579173	-3.04907072	-3.069521	-3.02579173	0.00710448537	0.00145392359	20.4	0	0	0	3
186	113	0	3.50252305	-3.03328108	-3.04880482	-3.069521	-3.02579173	0.00681162822	0.00145297462	21.3	0	0	0	3
187	113	0	3.52135382	-3.05413549	-3.04937819	-3.069521	-3.02579173	0.00681162822	0.00145203992	21.3	0	0	0	3
188	114	0	3.54018459	-3.03335868	-3.0484092	-3.069521	-3.02579173	0.00658676588	0.00145111917	22	0	0	0	3
189	115	0	3.55901536	-3.03217297	-3.04813537	-3.069521	-3.02579173	0.00686058861	0.00145021206	21.1	0	0	0	3
190	115	0	3.57784612	-3.07909556	-3.04951604	-3.07909556	-3.02579173	0.00686058861	0.00145130693	21.1	0	0	0	3
191	116	0	3.59667689	-3.0714088	-3.0496807	-3.07909556	-3.02579173	0.00686058861	0.00145238582	21.1	0	0	0	3
192	116	0	3.61550766	-3.03944249	-3.0487906	-3.07909556	-3.02579173	0.00647700959	0.00145344908	22.4	0	0	0	3
193	117	0	3.63433843	-3.0551599	-3.04890463	-3.07909556	-3.02579173	0.00647700959	0.00145449703	22.4	0	0	0	3
194	117	0	3.6531692	-3.03469677	-3.04801519	-3.07909556	-3.02579173	0.0063681161	0.00145553002	22.8	0	0	0	3
195	118	0	3.67199997	-3.01753347	-3.04671501	-3.07909556	-3.01753347	0.00669048989	0.00145830543	21.7	0	0	0	3
196	119	0	3.69083074	-3.03147757	-3.04691852	-3.07909556	-3.01753347	0.00669048989	0.00146104174	21.8	0	0	0	3
197	119	0	3.70966151	-3.05676276	-3.04752762	-3.07909556	-3.01753347	0.00669048989	0.00146373979	21.8	0	0	0	3
198	120	0	3.72849228	-3.04758039	-3.04706504	-3.07909556	-3.01753347	0.00669048989	0.00146640037	21.9	0	0	0	3
199	121	0	3.74732305	-3.06296089	-3.04745276	-3.07909556	-3.01753347	0.00669048989	0.00146902424	21.9	0	0	0	3
200	121	0	3.76615382	-3.07429394	-3.04830855	-3.07909556	-3.01753347	0.00669048989	0.00147161218	21.9	0	0	0	3
201	122	0	3.78498458	-3.02876463	-3.04679905	-3.07909556	-3.01753347	0.00585904832	0.0014741649	25.1	0	0	0	3
202	122	0	3.80381535	-3.02372344	-3.04591357	-3.07909556	-3.01753347	0.00596548032	0.00147668313	24.7	0	0	0	3
203	123	0	3.82264612	-3.04451823	-3.04653235	-3.07909556	-3.01753347	0.00596548032	0.00147916755	24.7	0	0	0	3
204	123	0	3.84147689	-3.0234663	-3.04536808	-3.07909556	-3.01753347	0.00552333578	0.00148161885	26.8	0	0	0	3
205	124	0	3.86030766	-3.02960904	-3.04518913	-3.07909556	-3.01753347	0.0057022863	0.00148403769	26	0	0	0	3
206	125	0	3.87913843	-3.06983745	-3.04657141	-3.07909556	-3.01753347	0.0057022863	0.00148642469	26	0	0	0	3
207	125	0	3.8979692	-3.06800251	-3.046906	-3.07909556	-3.01753347	0.0057022863	0.0014887805	26.1	0	0	0	3
208	126	0	3.91679997	-3.05151061	-3.0465238	-3.07909556	-3.01753347	0.0054494225	0.0014911057	27.3	0	0	0	3
209	126	0	3.93563074	-3.05758724	-3.04706708	-3.07909556	-3.01753347	0.0054494225	0.00149340091	27.4	0	0	0	3
210	127	0	3.95446151	-3.04229229	-3.04626712	-3.07909556	-3.01753347	0.0054494225	0.00149566669	27.4	0	0	0	3
211	127	0	3.97329228	-3.00718192	-3.04428319	-3.07909556	-3.00718192	0.00539750973	0.00149988161	27.7	0	0	0	3
212	128	0	3.99212304	-3.03092477	-3.0444733	-3.07909556	-3.00718192	0.00539750973	0.00150404318	27.8	0	0	0	3
213	128	0	4.01095381	-3.04589654	-3.04494054	-3.07909556	-3.00718192	0.00539750973	0.0015081524	27.9	0	0	0	3
