Iteration	CPUTime	PhysTime	Travels	Value	AvValue	MinValue	MaxValue	Delta	Criteria	Progress	dGMaxMin	CriteriaType	CriteriaVarType	CriteriaPercentage
1	2	0	0.0188307691	3.12910135e-005	3.12910135e-005	3.12910135e-005	3.12910135e-005	0	0	0	0	0	0	3
2	3	0	0.0376615382	-2.06460633e-005	5.32247508e-006	-2.06460633e-005	3.12910135e-005	2.59685384e-005	0	0	0	0	0	3
3	3	0	0.0564923072	2.07419864e-005	1.04623122e-005	-2.06460633e-005	3.12910135e-005	2.59685384e-005	0	0	0	0	0	3
4	4	0	0.0753230763	-1.85309478e-005	3.21399718e-006	-2.06460633e-005	3.12910135e-005	2.80770163e-005	0	0	0	0	0	3
5	4	0	0.0941538454	4.85302137e-006	3.54180202e-006	-2.06460633e-005	3.12910135e-005	2.80770163e-005	0	0	0	0	0	3
6	5	0	0.112984614	-1.10940599e-005	1.10249169e-006	-2.06460633e-005	3.12910135e-005	3.01885218e-005	0	0	0	0	0	3
7	5	0	0.131815384	3.04131891e-006	1.37946701e-006	-2.06460633e-005	3.12910135e-005	3.01885218e-005	0	0	0	0	0	3
8	6	0	0.150646153	1.34292069e-006	1.37489872e-006	-2.06460633e-005	3.12910135e-005	3.01885218e-005	0	0	0	0	0	3
9	6	0	0.169476922	3.27261146e-006	1.58575569e-006	-2.06460633e-005	3.12910135e-005	3.01885218e-005	0	0	0	0	0	3
10	7	0	0.188307691	1.01696294e-005	2.44414306e-006	-2.06460633e-005	3.12910135e-005	3.01885218e-005	0	0	0	0	0	3
11	7	0	0.20713846	7.09117511e-006	2.86660052e-006	-2.06460633e-005	3.12910135e-005	3.01885218e-005	0	0	0	0	0	3
12	8	0	0.225969229	7.9138769e-006	3.28720689e-006	-2.06460633e-005	3.12910135e-005	3.01885218e-005	0	0	0	0	0	3
13	9	0	0.244799998	3.27359785e-006	3.28616004e-006	-2.06460633e-005	3.12910135e-005	3.01885218e-005	0	0	0	0	0	3
14	9	0	0.263630767	2.95674729e-006	3.26263055e-006	-2.06460633e-005	3.12910135e-005	3.01885218e-005	0	0	0	0	0	3
15	10	0	0.282461536	-1.28946986e-006	2.95915719e-006	-2.06460633e-005	3.12910135e-005	3.01885218e-005	0	0	0	0	0	3
16	11	0	0.301292305	1.53114343e-006	2.86990633e-006	-2.06460633e-005	3.12910135e-005	3.01885218e-005	0	0	0	0	0	3
17	12	0	0.320123074	-5.40568592e-007	2.66929016e-006	-2.06460633e-005	3.12910135e-005	3.01885218e-005	0	0	0	0	0	3
18	12	0	0.338953843	-1.86832487e-006	2.41720044e-006	-2.06460633e-005	3.12910135e-005	3.01885218e-005	0	0	0	0	0	3
19	13	0	0.357784612	-2.9502765e-006	2.13470165e-006	-2.06460633e-005	3.12910135e-005	3.01885218e-005	0	0	0	0	0	3
20	13	0	0.376615382	-1.34668669e-006	1.96063223e-006	-2.06460633e-005	3.12910135e-005	3.01885218e-005	0	0	0	0	0	3
21	14	0	0.395446151	-1.00945855e-006	1.81919934e-006	-2.06460633e-005	3.12910135e-005	3.01885218e-005	0	0	0	0	0	3
22	14	0	0.41427692	2.13695534e-006	1.83364279e-006	-2.06460633e-005	3.12910135e-005	3.01885218e-005	0	0	0	0	0	3
23	15	0	0.433107689	5.22766625e-007	1.77664818e-006	-2.06460633e-005	3.12910135e-005	3.01885218e-005	0	0	0	0	0	3
24	15	0	0.451938458	5.88758555e-006	1.94793724e-006	-2.06460633e-005	3.12910135e-005	3.01885218e-005	0	0	0	0	0	3
25	16	0	0.470769227	-1.01798869e-007	1.86594779e-006	-2.06460633e-005	3.12910135e-005	3.01885218e-005	0	0	0	0	0	3
26	16	0	0.489599996	3.03463879e-006	1.91089745e-006	-2.06460633e-005	3.12910135e-005	3.01885218e-005	0	0	0	0	0	3
27	17	0	0.508430765	4.41701913e-006	2.00371677e-006	-2.06460633e-005	3.12910135e-005	3.01885218e-005	0	0	0	0	0	3
28	18	0	0.527261534	9.05189643e-006	1.18004577e-006	-2.06460633e-005	2.07419864e-005	9.35982049e-006	0	0	0	0	0	3
29	18	0	0.546092303	3.97707456e-006	2.09201383e-006	-1.85309478e-005	2.07419864e-005	9.35982049e-006	0	0	0	0	0	3
30	19	0	0.564923072	8.00194146e-006	1.62016032e-006	-1.85309478e-005	1.01696294e-005	2.43931032e-006	0	0	0	0	0	3
31	19	0	0.583753841	1.38699172e-005	2.82019236e-006	-1.10940599e-005	1.38699172e-005	2.43931032e-006	0	0	0	0	0	3
32	20	0	0.60258461	1.31928085e-005	3.12907336e-006	-1.10940599e-005	1.38699172e-005	2.18471519e-006	0	0	0	0	0	3
33	21	0	0.62141538	1.59894228e-005	4.13216531e-006	-2.9502765e-006	1.59894228e-005	2.95211955e-006	0	0	0	0	0	3
34	21	0	0.640246149	2.57999181e-005	4.97507639e-006	-2.9502765e-006	2.57999181e-005	3.79503063e-006	0	0	0	0	0	3
35	22	0	0.659076918	2.55019577e-005	5.86985554e-006	-2.9502765e-006	2.57999181e-005	4.68980977e-006	0	0	0	0	0	3
36	22	0	0.677907687	2.54938572e-005	6.69286464e-006	-2.9502765e-006	2.57999181e-005	5.51281888e-006	0	0	0	0	0	3
37	23	0	0.696738456	4.66814436e-005	8.04515406e-006	-2.9502765e-006	4.66814436e-005	6.86510829e-006	0	0	0	0	0	3
38	24	0	0.715569225	3.19891383e-005	8.96730084e-006	-2.9502765e-006	4.66814436e-005	7.78725508e-006	0	0	0	0	0	3
39	24	0	0.734399994	4.64173921e-005	1.0393357e-005	-2.9502765e-006	4.66814436e-005	9.2133112e-006	0	0	0	0	0	3
40	25	0	0.753230763	5.10408622e-005	1.21625149e-005	-2.9502765e-006	5.10408622e-005	1.09824691e-005	0	0	0	0	0	3
41	25	0	0.772061532	7.1237763e-005	1.46914414e-005	-2.9502765e-006	7.1237763e-005	1.35113956e-005	0	0	0	0	0	3
42	26	0	0.790892301	5.84735396e-005	1.69048862e-005	-2.9502765e-006	7.1237763e-005	1.57248404e-005	0	0	0	0	0	3
43	26	0	0.80972307	5.26783843e-005	1.87992285e-005	-2.9502765e-006	7.1237763e-005	1.76191827e-005	0	0	0	0	0	3
44	27	0	0.828553839	5.41134113e-005	2.08234499e-005	-2.9502765e-006	7.1237763e-005	1.96434042e-005	0	0	0	0	0	3
45	28	0	0.847384608	5.09370907e-005	2.27792061e-005	-2.9502765e-006	7.1237763e-005	2.15991603e-005	0	0	0	0	0	3
46	28	0	0.866215378	4.47718307e-005	2.45466915e-005	-1.34668669e-006	7.1237763e-005	2.33666458e-005	0	0	0	0	0	3
47	29	0	0.885046147	4.63909537e-005	2.63147523e-005	-1.00945855e-006	7.1237763e-005	2.51347065e-005	0	0	0	0	0	3
48	29	0	0.903876916	4.07625277e-005	2.78618629e-005	-1.01798869e-007	7.1237763e-005	2.66818171e-005	0	0	0	0	0	3
49	30	0	0.922707685	3.40843384e-005	2.90450993e-005	-1.01798869e-007	7.1237763e-005	2.78650535e-005	0	0	0	0	0	3
50	31	0	0.941538454	4.1577476e-005	3.05656441e-005	-1.01798869e-007	7.1237763e-005	2.93855983e-005	0	0	0	0	0	3
51	31	0	0.960369223	4.65849312e-005	3.20729532e-005	-1.01798869e-007	7.1237763e-005	3.08929074e-005	0	0	0	0	0	3
52	32	0	0.979199992	3.17537954e-005	3.325279e-005	3.03463879e-006	7.1237763e-005	3.20727442e-005	0	0	0	0	0	3
53	32	0	0.998030761	5.04136522e-005	3.50075683e-005	3.97707456e-006	7.1237763e-005	3.38275225e-005	0	0	0	0	0	3
54	33	0	1.01686153	2.83611187e-005	3.58943868e-005	3.97707456e-006	7.1237763e-005	3.4714341e-005	0.0269138213	0	0	0	0	3
55	34	0	1.0356923	3.21892431e-005	3.67513255e-005	3.97707456e-006	7.1237763e-005	3.51311652e-005	0.0269138213	0	0	0	0	3
56	34	0	1.05452307	4.74944792e-005	3.83630813e-005	8.00194146e-006	7.1237763e-005	3.6742921e-005	0.0269138213	0	0	0	0	3
57	35	0	1.07335384	3.80250179e-005	3.94750471e-005	1.31928085e-005	7.1237763e-005	3.66548547e-005	0.0269138213	0	0	0	0	3
58	35	0	1.09218461	2.21709887e-005	3.97824942e-005	1.31928085e-005	7.1237763e-005	3.66534208e-005	0.0269138213	0	0	0	0	3
59	36	0	1.11101538	3.32597093e-005	4.05257127e-005	1.59894228e-005	7.1237763e-005	3.63935474e-005	0.0269138213	0	0	0	0	3
60	36	0	1.12984614	4.02838849e-005	4.14255076e-005	2.21709887e-005	7.1237763e-005	3.64504312e-005	0.0269138213	0	0	0	0	3
61	37	0	1.14867691	4.49300101e-005	4.21340295e-005	2.21709887e-005	7.1237763e-005	3.6264174e-005	0.0269138213	0	0	0	0	3
62	38	0	1.16750768	2.73185408e-005	4.22013104e-005	2.21709887e-005	7.1237763e-005	3.55084457e-005	0.0269138213	0	0	0	0	3
63	38	0	1.18633845	3.13405748e-005	4.24178555e-005	2.21709887e-005	7.1237763e-005	3.43727014e-005	0.0269138213	0	0	0	0	3
64	39	0	1.20516922	3.03922189e-005	4.18145509e-005	2.21709887e-005	7.1237763e-005	3.34505546e-005	0.0269138213	0	0	0	0	3
65	39	0	1.22399999	6.03275159e-005	4.28641204e-005	2.21709887e-005	7.1237763e-005	3.24707634e-005	0.0269138213	0	0	0	0	3
66	40	0	1.24283076	3.90177706e-005	4.25900603e-005	2.21709887e-005	7.1237763e-005	3.07016055e-005	0.0269138213	0	0	0	0	3
67	41	0	1.26166153	2.82044826e-005	4.17442685e-005	2.21709887e-005	7.1237763e-005	2.8172679e-005	0.0269138213	0	0	0	0	3
68	41	0	1.2804923	2.56153301e-005	4.00545488e-005	2.21709887e-005	6.03275159e-005	2.59592342e-005	0.0269138213	0	0	0	0	3
69	42	0	1.29932307	2.35815498e-005	3.87622529e-005	2.21709887e-005	6.03275159e-005	2.40648919e-005	0.0269138213	0	0	0	0	3
70	43	0	1.31815384	3.98423755e-005	3.82868451e-005	2.21709887e-005	6.03275159e-005	2.20406705e-005	0.0269138213	0	0	0	0	3
71	43	0	1.3369846	3.23477068e-005	3.74807079e-005	2.21709887e-005	6.03275159e-005	2.00849143e-005	0.0269138213	0	0	0	0	3
72	44	0	1.35581537	2.34964711e-005	3.64643887e-005	2.21709887e-005	6.03275159e-005	1.83174289e-005	0.0269138213	0	0	0	0	3
73	44	0	1.37464614	3.3892494e-005	3.60614503e-005	2.21709887e-005	6.03275159e-005	1.65493681e-005	0.0269138213	0	0	0	0	3
74	45	0	1.39347691	4.05918183e-005	3.58466675e-005	2.21709887e-005	6.03275159e-005	1.50022575e-005	0.0269138213	0	0	0	0	3
75	46	0	1.41230768	1.51720492e-005	3.4898872e-005	1.51720492e-005	6.03275159e-005	1.38190211e-005	0.0269138213	0	0	0	0	3
76	46	0	1.43113845	3.15761685e-005	3.48059768e-005	1.51720492e-005	6.03275159e-005	1.22984763e-005	0.0269138213	0	0	0	0	3
77	47	0	1.44996922	2.10454965e-005	3.40455331e-005	1.51720492e-005	6.03275159e-005	1.07911672e-005	0.0269138213	0	0	0	0	3
78	48	0	1.46879999	2.91335186e-005	3.33991845e-005	1.51720492e-005	6.03275159e-005	9.6113304e-006	0.0269138213	0	0	0	0	3
79	48	0	1.48763076	3.22453483e-005	3.34173902e-005	1.51720492e-005	6.03275159e-005	9.46493591e-006	0.0269138213	0	0	0	0	3
80	49	0	1.50646153	3.56981406e-005	3.28723712e-005	1.51720492e-005	6.03275159e-005	9.99174919e-006	0.0269138213	0	0	0	0	3
81	49	0	1.5252923	1.23563009e-005	3.22796002e-005	1.23563009e-005	6.03275159e-005	1.05845202e-005	0.0269138213	0	0	0	0	3
82	50	0	1.54412306	2.81706194e-005	3.21307623e-005	1.23563009e-005	6.03275159e-005	1.07333581e-005	0.0269138213	0	0	0	0	3
83	50	0	1.56295383	3.97191092e-005	3.18427856e-005	1.23563009e-005	6.03275159e-005	1.10213348e-005	0.0269138213	0	0	0	0	3
84	51	0	1.5817846	2.94272277e-005	3.15243489e-005	1.23563009e-005	6.03275159e-005	1.13397715e-005	0.0269138213	0	0	0	0	3
85	52	0	1.60061537	1.01343237e-005	3.10785465e-005	1.01343237e-005	6.03275159e-005	1.17855739e-005	0.0269138213	0	0	0	0	3
86	52	0	1.61944614	2.40023702e-005	3.07356821e-005	1.01343237e-005	6.03275159e-005	1.21284383e-005	0.0269138213	0	0	0	0	3
87	53	0	1.63827691	2.99475577e-005	3.03528552e-005	1.01343237e-005	6.03275159e-005	1.25112652e-005	0.0269138213	0	0	0	0	3
88	53	0	1.65710768	4.84231303e-006	2.88681257e-005	4.84231303e-006	6.03275159e-005	1.39959947e-005	0.0269138213	0	0	0	0	3
89	54	0	1.67593845	5.637004e-005	2.99441071e-005	4.84231303e-006	6.03275159e-005	1.39959947e-005	0.0269138213	0	0	0	0	3
90	54	0	1.69476922	3.21172821e-005	2.9972874e-005	4.84231303e-006	6.03275159e-005	1.39959947e-005	0.0269138213	0	0	0	0	3
91	55	0	1.71359999	4.07237561e-006	2.8998065e-005	4.07237561e-006	6.03275159e-005	1.39959947e-005	0.0269138213	0	0	0	0	3
92	55	0	1.73243076	3.36214706e-005	2.80089522e-005	4.07237561e-006	5.637004e-005	1.45811081e-005	0.0269138213	0	0	0	0	3
93	56	0	1.75126152	3.90459193e-005	2.80099948e-005	4.07237561e-006	5.637004e-005	1.37353163e-005	0.0269138213	0	0	0	0	3
94	57	0	1.77009229	4.28254145e-006	2.7123997e-005	4.07237561e-006	5.637004e-005	1.29305518e-005	0.0269138213	0	0	0	0	3
95	57	0	1.78892306	1.92778026e-006	2.62466803e-005	1.92778026e-006	5.637004e-005	1.25155725e-005	0.0269138213	0	0	0	0	3
96	58	0	1.80775383	1.89678022e-005	2.60758008e-005	1.92778026e-006	5.637004e-005	1.22110444e-005	0.0269138213	0	0	0	0	3
97	58	0	1.8265846	3.17359396e-005	2.57755624e-005	1.92778026e-006	5.637004e-005	1.17051455e-005	0.0269138213	0	0	0	0	3
98	59	0	1.84541537	5.48796262e-008	2.45795318e-005	5.48796262e-008	5.637004e-005	1.18848569e-005	0.0269138213	0	0	0	0	3
99	60	0	1.86424614	2.90913032e-005	2.47867478e-005	5.48796262e-008	5.637004e-005	1.14819185e-005	0.0269138213	0	0	0	0	3
100	60	0	1.88307691	2.62956926e-005	2.45053848e-005	5.48796262e-008	5.637004e-005	1.13412827e-005	0.0269138213	0	0	0	0	3
101	61	0	1.90190768	-5.55813145e-006	2.27961274e-005	-5.55813145e-006	5.637004e-005	1.21027446e-005	0.0269138213	0	0	0	0	3
102	62	0	1.92073845	3.79566633e-005	2.3640002e-005	-5.55813145e-006	5.637004e-005	1.20098494e-005	0.0269138213	0	0	0	0	3
103	62	0	1.93956921	3.25612694e-005	2.36764872e-005	-5.55813145e-006	5.637004e-005	1.12494058e-005	0.0269138213	0	0	0	0	3
104	63	0	1.95839998	-9.56697466e-007	2.28615911e-005	-5.55813145e-006	5.637004e-005	1.06212628e-005	0.0269138213	0	0	0	0	3
105	63	0	1.97723075	1.81172702e-005	2.24535819e-005	-5.55813145e-006	5.637004e-005	1.09638083e-005	0.0269138213	0	0	0	0	3
106	64	0	1.99606152	2.90684942e-005	2.23359206e-005	-5.55813145e-006	5.637004e-005	1.05364506e-005	0.0269138213	0	0	0	0	3
107	65	0	2.01489229	2.30591688e-006	2.10991716e-005	-5.55813145e-006	5.637004e-005	1.11804286e-005	0.0269138213	0	0	0	0	3
108	65	0	2.03372306	1.04012717e-005	2.10267631e-005	-5.55813145e-006	5.637004e-005	1.11039992e-005	0.0269138213	0	0	0	0	3
109	66	0	2.05255383	2.52478753e-005	2.09185133e-005	-5.55813145e-006	5.637004e-005	1.09242723e-005	0.0269138213	0	0	0	0	3
110	66	0	2.0713846	-1.75795119e-005	1.87963422e-005	-1.75795119e-005	5.637004e-005	1.27280067e-005	0.0269138213	0	0	0	0	3
111	67	0	2.09021537	4.57490167e-006	1.78758857e-005	-1.75795119e-005	5.637004e-005	1.32026609e-005	0.0269138213	0	0	0	0	3
112	68	0	2.10904614	2.44221196e-005	1.84050633e-005	-1.75795119e-005	5.637004e-005	1.28597964e-005	0.0269138213	0	0	0	0	3
113	68	0	2.12787691	2.87095884e-005	1.85794047e-005	-1.75795119e-005	5.637004e-005	1.24769695e-005	0.0269138213	0	0	0	0	3
114	69	0	2.14670767	3.78544863e-006	1.76104377e-005	-1.75795119e-005	5.637004e-005	1.23624363e-005	0.0269138213	0	0	0	0	3
115	69	0	2.16553844	2.79282342e-005	1.84654718e-005	-1.75795119e-005	5.637004e-005	1.23624363e-005	0.0269138213	0	0	0	0	3
116	70	0	2.18436921	1.47518704e-005	1.69240581e-005	-1.75795119e-005	3.90459193e-005	1.30488159e-005	0.0269138213	0	0	0	0	3
117	71	0	2.20319998	-4.87155081e-006	1.55541014e-005	-1.75795119e-005	3.90459193e-005	1.34439637e-005	0.0269138213	0	0	0	0	3
118	71	0	2.22203075	2.61150022e-005	1.63704949e-005	-1.75795119e-005	3.90459193e-005	1.24558934e-005	0.0269138213	0	0	0	0	3
119	72	0	2.24086152	1.99449742e-005	1.5863958e-005	-1.75795119e-005	3.90459193e-005	1.24558934e-005	0.0269138213	0	0	0	0	3
120	72	0	2.25969229	-1.02974477e-005	1.40364259e-005	-1.75795119e-005	3.79566633e-005	1.3087571e-005	0.0269138213	0	0	0	0	3
121	73	0	2.27852306	3.02161397e-005	1.49969296e-005	-1.75795119e-005	3.79566633e-005	1.22102544e-005	0.0269138213	0	0	0	0	3
122	74	0	2.29735383	2.92107668e-005	1.60074105e-005	-1.75795119e-005	3.79566633e-005	1.20393748e-005	0.0269138213	0	0	0	0	3
123	74	0	2.3161846	-1.13298609e-005	1.48852749e-005	-1.75795119e-005	3.79566633e-005	1.17391365e-005	0.0269138213	0	0	0	0	3
124	75	0	2.33501537	1.30756745e-005	1.41941539e-005	-1.75795119e-005	3.79566633e-005	1.07503218e-005	0.0269138213	0	0	0	0	3
125	76	0	2.35384613	1.66115115e-005	1.48073625e-005	-1.75795119e-005	3.79566633e-005	1.07503218e-005	0.0269138213	0	0	0	0	3
126	76	0	2.3726769	1.30084626e-006	1.37780863e-005	-1.75795119e-005	3.79566633e-005	1.07272984e-005	0.0269138213	0	0	0	0	3
127	77	0	2.39150767	2.06121832e-005	1.3567586e-005	-1.75795119e-005	3.79566633e-005	1.01089012e-005	0.0269138213	0	0	0	0	3
128	77	0	2.41033844	2.56973854e-005	1.47251977e-005	-1.75795119e-005	3.79566633e-005	1.01089012e-005	0.0269138213	0	0	0	0	3
129	78	0	2.42916921	-2.10906957e-005	1.25382585e-005	-2.10906957e-005	3.25612694e-005	1.11382287e-005	0.0269138213	0	0	0	0	3
130	79	0	2.44799998	1.32399107e-005	1.18226526e-005	-2.10906957e-005	3.02161397e-005	1.10389385e-005	0.0269138213	0	0	0	0	3
131	79	0	2.46683075	2.37142228e-005	1.27363904e-005	-2.10906957e-005	3.02161397e-005	1.06309293e-005	0.0269138213	0	0	0	0	3
132	80	0	2.48566152	2.3885858e-006	1.21538466e-005	-2.10906957e-005	3.02161397e-005	1.0513268e-005	0.0269138213	0	0	0	0	3
133	81	0	2.50449229	-2.15809014e-006	1.09973064e-005	-2.10906957e-005	3.02161397e-005	1.01018652e-005	0.0269138213	0	0	0	0	3
134	81	0	2.52332306	1.37796273e-005	1.14222586e-005	-2.10906957e-005	3.02161397e-005	1.00294567e-005	0.0269138213	0	0	0	0	3
135	82	0	2.54215383	1.01747412e-005	1.14138686e-005	-2.10906957e-005	3.02161397e-005	9.92120694e-006	0.0269138213	0	0	0	0	3
136	83	0	2.56098459	1.01744843e-006	1.05164454e-005	-2.10906957e-005	3.02161397e-005	8.27989679e-006	0.0269138213	0	0	0	0	3
137	83	0	2.57981536	3.78582889e-005	1.25696973e-005	-2.10906957e-005	3.78582889e-005	8.06295931e-006	0.0269138213	0	0	0	0	3
138	84	0	2.59864613	3.62806531e-005	1.37439844e-005	-2.10906957e-005	3.78582889e-005	8.06295931e-006	0.0269138213	0	0	0	0	3
139	84	0	2.6174769	-8.42869811e-006	1.25272874e-005	-2.10906957e-005	3.78582889e-005	8.06295931e-006	0.0269138213	0	0	0	0	3
140	85	0	2.63630767	2.28032575e-005	1.23085344e-005	-2.10906957e-005	3.78582889e-005	7.94902642e-006	0.0269138213	0	0	0	0	3
141	86	0	2.65513844	1.01277783e-005	1.25434355e-005	-2.10906957e-005	3.78582889e-005	7.94902642e-006	0.0269138213	0	0	0	0	3
142	86	0	2.67396921	-2.45277526e-005	1.06006212e-005	-2.45277526e-005	3.78582889e-005	6.40761274e-006	0.0269138213	0	0	0	0	3
143	87	0	2.69279998	8.38586544e-006	1.03648432e-005	-2.45277526e-005	3.78582889e-005	6.0056517e-006	0.0269138213	0	0	0	0	3
144	88	0	2.71163075	3.75466985e-005	1.19358895e-005	-2.45277526e-005	3.78582889e-005	6.0056517e-006	0.0269138213	0	0	0	0	3
145	88	0	2.73046152	-2.24158033e-005	1.01384523e-005	-2.45277526e-005	3.78582889e-005	5.86895828e-006	0.0269138213	0	0	0	0	3
146	89	0	2.74929229	1.59459116e-005	9.99033883e-006	-2.45277526e-005	3.78582889e-005	6.01707171e-006	0.0269138213	0	0	0	0	3
147	89	0	2.76812305	3.25359663e-005	1.15767616e-005	-2.45277526e-005	3.78582889e-005	6.01707171e-006	0.0269138213	0	0	0	0	3
148	90	0	2.78695382	-1.43948242e-005	9.92450365e-006	-2.45277526e-005	3.78582889e-005	6.08290689e-006	0.0269138213	0	0	0	0	3
149	90	0	2.80578459	9.53706216e-007	8.87794585e-006	-2.45277526e-005	3.78582889e-005	6.00732902e-006	0.0269138213	0	0	0	0	3
150	91	0	2.82461536	4.13216881e-005	1.08280032e-005	-2.45277526e-005	4.13216881e-005	5.92941668e-006	0.0269138213	0	0	0	0	3
151	92	0	2.84344613	2.83184262e-005	1.13925496e-005	-2.45277526e-005	4.13216881e-005	5.92941668e-006	0.0269138213	0	0	0	0	3
152	93	0	2.8622769	-2.37987973e-005	9.89587148e-006	-2.45277526e-005	4.13216881e-005	5.84725188e-006	0.0269138213	0	0	0	0	3
153	93	0	2.88110767	3.94168254e-005	1.13075744e-005	-2.45277526e-005	4.13216881e-005	5.84725188e-006	0.0269138213	0	0	0	0	3
154	94	0	2.89993844	5.14289937e-005	1.24489378e-005	-2.45277526e-005	5.14289937e-005	5.84725188e-006	0.0269138213	0	0	0	0	3
155	95	0	2.91876921	-1.98876347e-005	1.07606037e-005	-2.45277526e-005	5.14289937e-005	4.86603852e-006	0.0269138213	0	0	0	0	3
156	95	0	2.93759998	-9.75945337e-006	1.11802793e-005	-2.45277526e-005	5.14289937e-005	4.86603852e-006	0.0269138213	0	0	0	0	3
157	96	0	2.95643075	1.28595746e-005	1.11661928e-005	-2.45277526e-005	5.14289937e-005	4.86603852e-006	0.0269138213	0	0	0	0	3
158	97	0	2.97526151	-2.98520227e-005	9.18225779e-006	-2.98520227e-005	5.14289937e-005	4.86603852e-006	0.0269138213	0	0	0	0	3
159	97	0	2.99409228	6.65434697e-006	9.34024894e-006	-2.98520227e-005	5.14289937e-005	4.86603852e-006	0.0269138213	0	0	0	0	3
160	98	0	3.01292305	4.36218508e-005	1.10358023e-005	-2.98520227e-005	5.14289937e-005	4.86603852e-006	0.0269138213	0	0	0	0	3
161	99	0	3.03175382	-1.8429397e-005	9.84287549e-006	-2.98520227e-005	5.14289937e-005	4.86603852e-006	0.0269138213	0	0	0	0	3
162	99	0	3.05058459	2.13151594e-005	1.02554836e-005	-2.98520227e-005	5.14289937e-005	4.86603852e-006	0.0269138213	0	0	0	0	3
163	100	0	3.06941536	2.88196366e-005	1.12851942e-005	-2.98520227e-005	5.14289937e-005	4.86603852e-006	0.0269138213	0	0	0	0	3
164	100	0	3.08824613	-1.82750211e-006	9.81535013e-006	-2.98520227e-005	5.14289937e-005	4.86603852e-006	0.0269138213	0	0	0	0	3
165	101	0	3.1070769	-1.664459e-005	7.85515594e-006	-2.98520227e-005	5.14289937e-005	4.68827959e-006	0.0269138213	0	0	0	0	3
166	101	0	3.12590767	1.18265796e-005	8.60535141e-006	-2.98520227e-005	5.14289937e-005	4.68827959e-006	0.0269138213	0	0	0	0	3
167	102	0	3.14473844	2.24273178e-005	8.59142772e-006	-2.98520227e-005	5.14289937e-005	4.68827959e-006	0.0269138213	0	0	0	0	3
168	102	0	3.1635692	-3.96539825e-005	6.7476588e-006	-3.96539825e-005	5.14289937e-005	5.70127897e-006	0.0269138213	0	0	0	0	3
169	103	0	3.18239997	5.95120434e-005	9.86024383e-006	-3.96539825e-005	5.95120434e-005	5.70127897e-006	0.0269138213	0	0	0	0	3
170	104	0	3.20123074	4.7341854e-005	1.13030582e-005	-3.96539825e-005	5.95120434e-005	5.70127897e-006	0.0269138213	0	0	0	0	3
171	104	0	3.22006151	-1.01635878e-005	9.53601058e-006	-3.96539825e-005	5.95120434e-005	5.70127897e-006	0.0269138213	0	0	0	0	3
172	105	0	3.23889228	-3.34530354e-006	1.02423254e-005	-3.96539825e-005	5.95120434e-005	5.70127897e-006	0.0269138213	0	0	0	0	3
173	105	0	3.25772305	-7.21441282e-006	9.3845356e-006	-3.96539825e-005	5.95120434e-005	5.70127897e-006	0.0269138213	0	0	0	0	3
174	106	0	3.27655382	-7.32681913e-005	5.46586309e-006	-7.32681913e-005	5.95120434e-005	6.98307467e-006	0.0269138213	0	0	0	0	3
175	106	0	3.29538459	-2.14053656e-005	5.20621341e-006	-7.32681913e-005	5.95120434e-005	7.24272435e-006	0.0269138213	0	0	0	0	3
176	107	0	3.31421536	3.26286246e-005	6.37935854e-006	-7.32681913e-005	5.95120434e-005	7.24272435e-006	0.0269138213	0	0	0	0	3
177	107	0	3.33304613	-4.35188552e-005	3.2371162e-006	-7.32681913e-005	5.95120434e-005	9.21182157e-006	0.0269138213	0	0	0	0	3
178	108	0	3.3518769	3.85008439e-005	3.61424278e-006	-7.32681913e-005	5.95120434e-005	9.21182157e-006	0.0269138213	0	0	0	0	3
179	109	0	3.37070766	4.19702162e-005	6.05013217e-006	-7.32681913e-005	5.95120434e-005	9.21182157e-006	0.0269138213	0	0	0	0	3
180	109	0	3.38953843	2.15074534e-005	5.38682209e-006	-7.32681913e-005	5.95120434e-005	9.21182157e-006	0.0269138213	0	0	0	0	3
181	110	0	3.4083692	-1.96548764e-005	2.75408616e-006	-7.32681913e-005	5.95120434e-005	8.54897207e-006	0.0269138213	0	0	0	0	3
182	110	0	3.42719997	1.57962943e-005	4.07571316e-006	-7.32681913e-005	5.95120434e-005	8.54897207e-006	0.0269138213	0	0	0	0	3
183	111	0	3.44603074	-5.97135249e-006	4.21601319e-006	-7.32681913e-005	5.95120434e-005	8.54897207e-006	0.0269138213	0	0	0	0	3
184	112	0	3.46486151	-2.96169417e-005	2.64280888e-006	-7.32681913e-005	5.95120434e-005	8.66024934e-006	0.0269138213	0	0	0	0	3
185	112	0	3.48369228	5.93707379e-005	5.94735557e-006	-7.32681913e-005	5.95120434e-005	8.66024934e-006	0.0269138213	0	0	0	0	3
186	113	0	3.50252305	5.85524068e-005	7.86950594e-006	-7.32681913e-005	5.95120434e-005	8.66024934e-006	0.0269138213	0	0	0	0	3
187	113	0	3.52135382	-4.81524826e-006	6.07553931e-006	-7.32681913e-005	5.95120434e-005	8.66024934e-006	0.0269138213	0	0	0	0	3
188	114	0	3.54018459	5.47801071e-005	8.78700242e-006	-7.32681913e-005	5.95120434e-005	8.66024934e-006	0.0269138213	0	0	0	0	3
189	115	0	3.55901536	1.38994229e-005	8.51234551e-006	-7.32681913e-005	5.95120434e-005	8.66024934e-006	0.0269138213	0	0	0	0	3
190	115	0	3.57784612	-1.25824314e-005	6.97893559e-006	-7.32681913e-005	5.95120434e-005	8.66024934e-006	0.0269138213	0	0	0	0	3
191	116	0	3.59667689	-1.92953936e-005	6.33197664e-006	-7.32681913e-005	5.95120434e-005	8.66024934e-006	0.0269138213	0	0	0	0	3
192	116	0	3.61550766	5.42568854e-006	7.14939436e-006	-7.32681913e-005	5.95120434e-005	8.66024934e-006	0.0269138213	0	0	0	0	3
193	117	0	3.63433843	-2.53002957e-005	5.77432491e-006	-7.32681913e-005	5.95120434e-005	8.66024934e-006	0.0269138213	0	0	0	0	3
194	117	0	3.6531692	-2.13565652e-005	4.15269961e-006	-7.32681913e-005	5.95120434e-005	8.66024934e-006	0.0269138213	0	0	0	0	3
195	118	0	3.67199997	8.76227788e-005	8.86665374e-006	-7.32681913e-005	8.76227788e-005	8.66024934e-006	0.0269138213	0	0	0	0	3
196	119	0	3.69083074	4.42573809e-005	8.30166624e-006	-7.32681913e-005	8.76227788e-005	8.66024934e-006	0.0269138213	0	0	0	0	3
197	119	0	3.70966151	-1.52851444e-005	5.98214778e-006	-7.32681913e-005	8.76227788e-005	7.59951651e-006	0.0269138213	0	0	0	0	3
198	120	0	3.72849228	-3.37439708e-005	5.10880026e-006	-7.32681913e-005	8.76227788e-005	7.59951651e-006	0.0269138213	0	0	0	0	3
199	121	0	3.74732305	-3.20048731e-005	4.04733472e-006	-7.32681913e-005	8.76227788e-005	6.74172672e-006	0.0269138213	0	0	0	0	3
200	121	0	3.76615382	-0.000119009775	-9.32342517e-008	-0.000119009775	8.76227788e-005	8.95988799e-006	0.0269138213	0	0	0	0	3
201	122	0	3.78498458	7.94873789e-006	2.91480016e-006	-0.000119009775	8.76227788e-005	8.95988799e-006	0.0269138213	0	0	0	0	3
202	122	0	3.80381535	5.45275725e-005	5.7271312e-006	-0.000119009775	8.76227788e-005	8.95988799e-006	0.0269138213	0	0	0	0	3
203	123	0	3.82264612	-2.7975603e-006	4.41505028e-006	-0.000119009775	8.76227788e-005	8.95988799e-006	0.0269138213	0	0	0	0	3
204	123	0	3.84147689	4.72381807e-005	7.77642198e-006	-0.000119009775	8.76227788e-005	8.95988799e-006	0.0269138213	0	0	0	0	3
205	124	0	3.86030766	2.98951159e-005	7.45769131e-006	-0.000119009775	8.76227788e-005	8.95988799e-006	0.0269138213	0	0	0	0	3
206	125	0	3.87913843	-1.18788448e-005	5.46328164e-006	-0.000119009775	8.76227788e-005	8.95988799e-006	0.0269138213	0	0	0	0	3
207	125	0	3.8979692	-1.7255625e-005	4.02761207e-006	-0.000119009775	8.76227788e-005	8.95988799e-006	0.0269138213	0	0	0	0	3
208	126	0	3.91679997	-2.79007843e-005	3.72220808e-006	-0.000119009775	8.76227788e-005	8.95988799e-006	0.0269138213	0	0	0	0	3
209	126	0	3.93563074	-1.51911668e-005	2.57452433e-006	-0.000119009775	8.76227788e-005	8.95988799e-006	0.0269138213	0	0	0	0	3
210	127	0	3.95446151	-1.82116106e-005	2.12118144e-006	-0.000119009775	8.76227788e-005	8.95988799e-006	0.0269138213	0	0	0	0	3
211	127	0	3.97329228	8.24408479e-005	6.27146994e-006	-0.000119009775	8.76227788e-005	8.95988799e-006	0.0269138213	0	0	0	0	3
212	128	0	3.99212304	4.51480885e-005	5.74470515e-006	-0.000119009775	8.76227788e-005	8.95988799e-006	0.0269138213	0	0	0	0	3
213	128	0	4.01095381	3.31630195e-008	3.57732575e-006	-0.000119009775	8.76227788e-005	8.95988799e-006	0.0269138213	0	0	0	0	3
