Iteration	CPUTime	PhysTime	Travels	Value	AvValue	MinValue	MaxValue	Delta	Criteria	Progress	dGMaxMin	CriteriaType	CriteriaVarType	CriteriaPercentage
1	1	0	0.025	-0.0285475577	-0.0285475577	-0.0285475577	-0.0285475577	0	0	0	0	0	0	3
2	1	0	0.05	-0.0588908725	-0.0437192151	-0.0588908725	-0.0285475577	0.0151716574	0	0	0	0	0	3
3	1	0	0.075	-0.0594449046	-0.0489611116	-0.0594449046	-0.0285475577	0.0204135539	0	0	0	0	0	3
4	1	0	0.1	-0.0564112737	-0.0508236521	-0.0594449046	-0.0285475577	0.0222760944	0	0	0	0	0	3
5	1	0	0.125	-0.0558962778	-0.0518381773	-0.0594449046	-0.0285475577	0.0232906195	0	0	0	0	0	3
6	1	0	0.15	-0.0583906002	-0.0529302478	-0.0594449046	-0.0285475577	0.02438269	0	0	0	0	0	3
7	1	0	0.175	-0.0599483418	-0.0539328326	-0.0599483418	-0.0285475577	0.0253852749	0	0	0	0	0	3
8	2	0	0.2	-0.0586818138	-0.0545264553	-0.0599483418	-0.0285475577	0.0259788975	0	0	0	0	0	3
9	2	0	0.225	-0.0582758939	-0.0549430596	-0.0599483418	-0.0285475577	0.0263955018	0	0	0	0	0	3
10	2	0	0.25	-0.0576475709	-0.0552135107	-0.0599483418	-0.0285475577	0.026665953	0	0	0	0	0	3
11	2	0	0.275	-0.000480488472	-0.0502377814	-0.0599483418	-0.000480488472	0.026665953	0	0	0	0	0	3
12	2	0	0.3	-0.000410337987	-0.0460854945	-0.0599483418	-0.000410337987	0.026665953	0	0	0	0	0	3
13	2	0	0.325	-0.000272193491	-0.0425613944	-0.0599483418	-0.000272193491	0.026665953	0	0	0	0	0	3
14	2	0	0.35	-0.000328193229	-0.0395447372	-0.0599483418	-0.000272193491	0.026665953	0	0	0	0	0	3
15	2	0	0.375	-0.000123879778	-0.03691668	-0.0599483418	-0.000123879778	0.026665953	0	0	0	0	0	3
16	3	0	0.4	-0.000114807371	-0.034616563	-0.0599483418	-0.000114807371	0.026665953	0	0	0	0	0	3
17	3	0	0.425	-0.000110650742	-0.0325868034	-0.0599483418	-0.000110650742	0.026665953	0	0	0	0	0	3
18	3	0	0.45	-4.75364725e-005	-0.0307790664	-0.0599483418	-4.75364725e-005	0.026665953	0	0	0	0	0	3
19	3	0	0.475	-5.30862035e-005	-0.0291619095	-0.0599483418	-4.75364725e-005	0.026665953	0	0	0	0	0	3
20	3	0	0.5	-4.53030552e-006	-0.0277040406	-0.0599483418	-4.53030552e-006	0.0275094701	0	0	0	0	0	3
21	3	0	0.525	-3.25703746e-005	-0.0262782912	-0.0599483418	-4.53030552e-006	0.0289352195	0	0	0	0	0	3
22	3	0	0.55	-3.96131663e-005	-0.0233357282	-0.0599483418	-4.53030552e-006	0.0318777825	0	0	0	0	0	3
23	3	0	0.575	-0.000110326747	-0.0203689993	-0.0599483418	-4.53030552e-006	0.0348445114	0	0	0	0	0	3
24	4	0	0.6	4.39611898e-006	-0.0175482158	-0.0599483418	4.39611898e-006	0.0376652949	0	0	0	0	0	3
25	4	0	0.625	-3.03023427e-005	-0.0147549171	-0.0599483418	4.39611898e-006	0.0404585936	0	0	0	0	0	3
26	4	0	0.65	-7.28789115e-005	-0.011839031	-0.0599483418	4.39611898e-006	0.0433744797	0	0	0	0	0	3
27	4	0	0.675	-7.408587e-005	-0.0088453182	-0.0586818138	4.39611898e-006	0.0463681925	0	0	0	0	0	3
28	4	0	0.7	3.37048233e-005	-0.00590954227	-0.0582758939	3.37048233e-005	0.0493039684	0	0	0	0	0	3
29	4	0	0.725	6.86301015e-005	-0.00299231606	-0.0576475709	6.86301015e-005	0.0522211946	0	0	0	0	0	3
30	4	0	0.75	8.13774208e-005	-0.00010586865	-0.000480488472	8.13774208e-005	0.000561865893	0	0	0	0	0	3
31	4	0	0.775	-4.92662762e-005	-8.43075401e-005	-0.000410337987	8.13774208e-005	0.000491715407	0	0	0	0	0	3
32	5	0	0.8	6.66412109e-005	-6.04585803e-005	-0.000328193229	8.13774208e-005	0.00040957065	0	0	0	0	0	3
33	5	0	0.825	0.000235274242	-3.50851936e-005	-0.000328193229	0.000235274242	0.000563467471	0	0	0	0	0	3
34	5	0	0.85	0.000130739886	-1.21385379e-005	-0.000123879778	0.000235274242	0.00035915402	0	0	0	0	0	3
35	5	0	0.875	0.000206176158	4.36425893e-006	-0.000114807371	0.000235274242	0.000350081613	0	0	0	0	0	3
36	5	0	0.9	3.80560771e-005	1.20074313e-005	-0.000110650742	0.000235274242	0.000345924984	0	0	0	0	0	3
37	5	0	0.925	0.000279961919	3.15380644e-005	-0.000110326747	0.000279961919	0.000390288667	0	0	0	0	0	3
38	5	0	0.95	0.000105279822	3.91788791e-005	-0.000110326747	0.000279961919	0.000390288667	0	0	0	0	0	3
39	5	0	0.975	0.000301699487	5.69181637e-005	-0.000110326747	0.000301699487	0.000412026235	0	0	0	0	0	3
40	6	0	1	0.000300889543	7.21891561e-005	-0.000110326747	0.000301699487	0.000412026235	0.0090375062	100	0	0	0	3
41	6	0	1.025	0.000658693754	0.000106752363	-0.000110326747	0.000658693754	0.000769020502	0.00909105534	100	0	0	0	3
42	6	0	1.05	0.000764193779	0.00014694271	-0.000110326747	0.000764193779	0.000874520527	0.00909896784	100	0	0	0	3
43	6	0	1.075	-0.000278618469	0.000138528124	-0.000278618469	0.000764193779	0.00104281225	0.00910160534	100	0	0	0	3
44	6	0	1.1	0.000269333787	0.000144756965	-0.000278618469	0.000764193779	0.00104281225	0.00910292409	100	0	0	0	3
45	6	0	1.125	-0.000303174138	0.000130110762	-0.000303174138	0.000764193779	0.00106736792	0.00910371534	100	0	0	0	3
46	6	0	1.15	0.000311706808	0.000146396912	-0.000303174138	0.000764193779	0.00106736792	0.00910424284	100	0	0	0	3
47	6	0	1.175	-0.000125486262	0.0001438918	-0.000303174138	0.000764193779	0.00106736792	0.00910461962	100	0	0	0	3
48	7	0	1.2	0.000347972325	0.00016398981	-0.000303174138	0.000764193779	0.00106736792	0.00908115481	100	0	0	0	3
49	7	0	1.225	-0.000425506173	0.000142122619	-0.000425506173	0.000764193779	0.00118969995	0.00905613907	100	0	0	0	3
50	7	0	1.25	0.000510912581	0.00016318369	-0.000425506173	0.000764193779	0.000269858459	0.0090375062	100	0	0	0	3
51	7	0	1.275	-0.000337316913	0.000143245864	-0.000425506173	0.000764193779	0.00024829735	0.0090375062	100	0	0	0	3
52	7	0	1.3	0.000441633694	0.000166622053	-0.000425506173	0.000764193779	0.000227080634	0.0090375062	100	0	0	0	3
53	7	0	1.325	-0.000259203955	0.000151105617	-0.000425506173	0.000764193779	0.000201707247	0.0090375062	100	0	0	0	3
54	7	0	1.35	-0.000235089786	0.00012870733	-0.000425506173	0.000764193779	0.000178760591	0.0090375062	100	0	0	0	3
55	7	0	1.375	0.000117878726	0.000128094894	-0.000425506173	0.000764193779	0.000162257794	0.0090375062	100	0	0	0	3
56	8	0	1.4	0.000806141482	0.000156664671	-0.000425506173	0.000806141482	0.000154614622	0.0090375062	100	0	0	0	3
57	8	0	1.425	-0.000380028541	0.00013675588	-0.000425506173	0.000806141482	0.000135083989	0.0090375062	100	0	0	0	3
58	8	0	1.45	-0.000308828441	0.000108718243	-0.000425506173	0.000806141482	0.000127443174	0.0090375062	100	0	0	0	3
59	8	0	1.475	0.000225052928	0.000114421725	-0.000425506173	0.000806141482	0.00010970389	0.0090375062	100	0	0	0	3
60	8	0	1.5	-0.000209708565	9.00689602e-005	-0.000425506173	0.000806141482	9.44328972e-005	0.0090375062	100	0	0	0	3
61	8	0	1.525	0.0003854662	9.409642e-005	-0.000425506173	0.000806141482	7.65530931e-005	0.0090375062	100	0	0	0	3
62	8	0	1.55	-0.000183853359	5.3975129e-005	-0.000425506173	0.000806141482	0.000112646924	0.0090375062	100	0	0	0	3
63	9	0	1.575	0.00027598809	3.0727239e-005	-0.000425506173	0.000806141482	0.000135894814	0.0090375062	100	0	0	0	3
64	9	0	1.6	-0.000202124791	3.43697951e-005	-0.000425506173	0.000806141482	0.000135894814	0.0090375062	100	0	0	0	3
65	9	0	1.625	0.000205806143	3.13446692e-005	-0.000425506173	0.000806141482	0.000135894814	0.0090375062	100	0	0	0	3
66	9	0	1.65	-0.000159328069	3.8194482e-005	-0.000425506173	0.000806141482	0.000135894814	0.0090375062	100	0	0	0	3
67	9	0	1.675	0.000126725517	2.93858491e-005	-0.000425506173	0.000806141482	0.000137236204	0.0090375062	100	0	0	0	3
68	9	0	1.7	0.000680467751	6.77646116e-005	-0.000425506173	0.000806141482	0.000137236204	0.0090375062	100	0	0	0	3
69	9	0	1.725	-0.000255857416	3.90108144e-005	-0.000425506173	0.000806141482	0.000137236204	0.0090375062	100	0	0	0	3
70	9	0	1.75	-0.000171411573	5.11105573e-005	-0.000380028541	0.000806141482	0.000137236204	0.0090375062	100	0	0	0	3
71	10	0	1.775	6.26120173e-005	2.97629114e-005	-0.000380028541	0.000806141482	0.000137236204	0.0090375062	100	0	0	0	3
72	10	0	1.8	0.000274379355	5.88913051e-005	-0.000380028541	0.000806141482	0.000137236204	0.0090375062	100	0	0	0	3
73	10	0	1.825	-0.000214369766	2.76530451e-005	-0.000380028541	0.000806141482	0.000129011626	0.0090375062	100	0	0	0	3
