Iteration	CPUTime	PhysTime	Travels	Value	AvValue	MinValue	MaxValue	Delta	Criteria	Progress	dGMaxMin	CriteriaType	CriteriaVarType	CriteriaPercentage
1	1	0	0.025	101490.997	101490.997	101490.997	101490.997	0	0	0	7123.82	0	0	3
2	1	0	0.05	101324.704	101407.851	101324.704	101490.997	83.1468608	0	0	2993.8	0	0	3
3	1	0	0.075	101338.441	101384.714	101324.704	101490.997	106.28329	0	0	2715.94	0	0	3
4	1	0	0.1	101338.486	101373.157	101324.704	101490.997	117.840424	0	0	2503.58	0	0	3
5	1	0	0.125	101339.285	101366.383	101324.704	101490.997	124.614773	0	0	2353.74	0	0	3
6	1	0	0.15	101339.198	101361.852	101324.704	101490.997	129.145542	0	0	2306.96	0	0	3
7	1	0	0.175	101339.966	101358.725	101324.704	101490.997	132.272046	0	0	2359.59	0	0	3
8	2	0	0.2	101340.293	101356.421	101324.704	101490.997	134.576102	0	0	2384.6	0	0	3
9	2	0	0.225	101340.773	101354.683	101324.704	101490.997	136.314764	0	0	2481.27	0	0	3
10	2	0	0.25	101340.613	101353.276	101324.704	101490.997	137.721686	0	0	2516.15	0	0	3
11	2	0	0.275	101341.175	101352.176	101324.704	101490.997	138.821714	0	0	2546.53	0	0	3
12	2	0	0.3	101340.759	101351.224	101324.704	101490.997	139.773089	0	0	2559.06	0	0	3
13	2	0	0.325	101341.063	101350.443	101324.704	101490.997	140.554751	0	0	2556.01	0	0	3
14	2	0	0.35	101340.929	101349.763	101324.704	101490.997	141.234308	0	0	2577.34	0	0	3
15	2	0	0.375	101341.16	101349.19	101324.704	101490.997	141.807823	0	0	2602.28	0	0	3
16	3	0	0.4	101340.945	101348.674	101324.704	101490.997	142.323086	0	0	2565.35	0	0	3
17	3	0	0.425	101341.144	101348.231	101324.704	101490.997	142.766026	0	0	2614.14	0	0	3
18	3	0	0.45	101341.201	101347.841	101324.704	101490.997	143.156599	0	0	2577.15	0	0	3
19	3	0	0.475	101341.438	101347.504	101324.704	101490.997	143.493588	0	0	2593.96	0	0	3
20	3	0	0.5	101341.334	101347.195	101324.704	101490.997	143.802059	0	0	2590.76	0	0	3
21	3	0	0.525	101341.629	101339.727	101324.704	101341.629	16.9257623	0	0	2565.44	0	0	3
22	3	0	0.55	101341.53	101340.568	101338.441	101341.629	3.18818998	0	0	2571.62	0	0	3
23	3	0	0.575	101341.673	101340.73	101338.486	101341.673	3.18706105	0	0	2568.27	0	0	3
24	4	0	0.6	101341.318	101340.871	101339.198	101341.673	2.4746211	0	0	2565.07	0	0	3
25	4	0	0.625	101341.772	101340.996	101339.198	101341.772	2.5737424	0	0	2518.36	0	0	3
26	4	0	0.65	101341.426	101341.107	101339.966	101341.772	1.8054315	0	0	2503.46	0	0	3
27	4	0	0.675	101341.702	101341.194	101340.293	101341.772	1.47884496	0	0	2479.78	0	0	3
28	4	0	0.7	101341.425	101341.251	101340.613	101341.772	1.1583376	0	0	2472.56	0	0	3
29	4	0	0.725	101342.717	101341.348	101340.613	101342.717	2.10308186	0	0	2468.58	0	0	3
30	4	0	0.75	101342.036	101341.419	101340.759	101342.717	1.95730647	0	0	2382.64	0	0	3
31	4	0	0.775	101342.832	101341.502	101340.759	101342.832	2.07255895	0	0	2393.1	0	0	3
32	5	0	0.8	101342.126	101341.57	101340.929	101342.832	1.90290651	0	0	2360.01	0	0	3
33	5	0	0.825	101344.079	101341.721	101340.929	101344.079	3.1500549	0	0	2414.71	0	0	3
34	5	0	0.85	101343.209	101341.835	101340.945	101344.079	3.13353879	0	0	2366.9	0	0	3
35	5	0	0.875	101344.326	101341.993	101340.945	101344.326	3.38095017	0	0	2423.83	0	0	3
36	5	0	0.9	101344.245	101342.158	101341.144	101344.326	3.18197467	0	0	2354.49	0	0	3
37	5	0	0.925	101344.721	101342.337	101341.201	101344.721	3.51968678	0	0	2418.1	0	0	3
38	5	0	0.95	101344.501	101342.502	101341.318	101344.721	3.40266498	0	0	2354.36	0	0	3
39	5	0	0.975	101344.849	101342.672	101341.318	101344.849	3.53048324	0	0	2422.83	0	0	3
40	6	0	1	101344.691	101342.84	101341.318	101344.849	3.1133714	0.961095705	30.8	2350.99	0	0	3
41	6	0	1.025	101344.768	101342.997	101341.318	101344.849	2.42896601	0.961095705	39.5	2384.79	0	0	3
42	6	0	1.05	101344.774	101343.159	101341.318	101344.849	2.42959615	0.961095705	39.5	2340.67	0	0	3
43	6	0	1.075	101344.6	101343.306	101341.318	101344.849	2.43434879	0.961095705	39.4	2371.74	0	0	3
44	6	0	1.1	101344.658	101343.37	101341.318	101344.849	2.49875907	0.961095705	38.4	2326.43	0	0	3
45	6	0	1.125	101344.494	101343.521	101341.425	101344.849	2.52568842	0.961095705	38	2350.89	0	0	3
46	6	0	1.15	101344.487	101343.651	101341.425	101344.849	2.54357171	0.961095705	37.7	2311.54	0	0	3
47	6	0	1.175	101344.405	101343.793	101341.425	101344.849	2.59866209	0.961095705	36.9	2329.93	0	0	3
48	7	0	1.2	101344.358	101343.919	101341.425	101344.849	2.66851205	0.961095705	36	2294.75	0	0	3
49	7	0	1.225	101344.168	101344.05	101342.036	101344.849	2.70197446	0.961095705	35.5	2318.75	0	0	3
50	7	0	1.25	101344.169	101344.119	101342.036	101344.849	2.69998178	0.961095705	35.5	2276.81	0	0	3
51	7	0	1.275	101344.025	101344.214	101342.126	101344.849	2.71187443	0.961095705	35.4	2296.48	0	0	3
52	7	0	1.3	101343.951	101344.267	101342.126	101344.849	2.69684387	0.961095705	35.6	2263	0	0	3
53	7	0	1.325	101343.73	101344.343	101343.209	101344.849	1.63997758	0.961095705	58.6	2278.33	0	0	3
54	7	0	1.35	101343.683	101344.324	101343.209	101344.849	1.63997758	0.961095705	58.6	2243.26	0	0	3
55	7	0	1.375	101343.512	101344.339	101343.512	101344.849	1.33664307	0.961095705	71.9	2253.94	0	0	3
56	8	0	1.4	101343.551	101344.302	101343.512	101344.849	1.33664307	0.961095705	71.9	2227.91	0	0	3
57	8	0	1.425	101343.328	101344.258	101343.328	101344.849	1.52053353	0.961095705	63.2	2242.86	0	0	3
58	8	0	1.45	101343.323	101344.192	101343.323	101344.849	1.52560012	0.961095705	62.9	2203.38	0	0	3
59	8	0	1.475	101343.121	101344.126	101343.121	101344.849	1.6708073	0.961095705	57.5	2214.2	0	0	3
60	8	0	1.5	101343.361	101344.055	101343.121	101344.774	1.50295388	0.961095705	63.9	2181.11	0	0	3
61	8	0	1.525	101343.105	101343.98	101343.105	101344.774	1.34604173	0.961095705	71.4	2196.46	0	0	3
62	8	0	1.55	101343.099	101343.9	101343.099	101344.774	1.18384237	0.961095705	81.1	2164.15	0	0	3
63	9	0	1.575	101343.001	101343.816	101343.001	101344.658	1.03746481	0.961095705	92.6	2173.91	0	0	3
64	9	0	1.6	101343.076	101343.743	101343.001	101344.658	0.973054538	0.961095705	98.7	2146.72	0	0	3
65	9	0	1.625	101342.914	101343.66	101342.914	101344.494	0.821799073	0.961095705	100	2161.45	0	0	3
66	9	0	1.65	101342.988	101343.588	101342.914	101344.487	0.7549343	0.961095705	100	2127.68	0	0	3
67	9	0	1.675	101342.947	101343.515	101342.914	101344.405	0.828259054	0.961095705	100	2140.13	0	0	3
68	9	0	1.7	101343.08	101343.452	101342.914	101344.358	0.891363364	0.961095705	100	2115.24	0	0	3
69	9	0	1.725	101342.975	101343.386	101342.914	101344.169	0.95723755	0.961095705	100	2131.02	0	0	3
70	9	0	1.75	101342.984	101343.33	101342.914	101344.169	1.01360865	0.961095705	94.8	2101.54	0	0	3
71	10	0	1.775	101342.891	101343.269	101342.891	101344.025	1.0744545	0.961095705	89.4	2115.03	0	0	3
72	10	0	1.8	101342.963	101343.218	101342.891	101343.951	1.06019301	0.961095705	90.6	2092.31	0	0	3
73	10	0	1.825	101342.878	101343.167	101342.878	101343.73	0.851875031	0.961095705	100	2109.05	0	0	3
