Iteration	CPUTime	PhysTime	Travels	Value	AvValue	MinValue	MaxValue	Delta	Criteria	Progress	dGMaxMin	CriteriaType	CriteriaVarType	CriteriaPercentage
1	1	0	0.025	293.200047	293.200047	293.200047	293.200047	0	0	0	0.000277695	0	0	3
2	1	0	0.05	293.200208	293.200128	293.200047	293.200208	8.05279253e-005	0	0	0.00153787	0	0	3
3	1	0	0.075	293.200444	293.200233	293.200047	293.200444	0.000185936718	0	0	0.00303558	0	0	3
4	1	0	0.1	293.200752	293.200363	293.200047	293.200752	0.000315518438	0	0	0.00308978	0	0	3
5	1	0	0.125	293.20126	293.200542	293.200047	293.20126	0.00049487509	0	0	0.00399692	0	0	3
6	1	0	0.15	293.202069	293.200797	293.200047	293.202069	0.000749408309	0	0	0.00500651	0	0	3
7	1	0	0.175	293.203312	293.201156	293.200047	293.203312	0.00110869255	0	0	0.00617017	0	0	3
8	2	0	0.2	293.205119	293.201651	293.200047	293.205119	0.00160407646	0	0	0.00739156	0	0	3
9	2	0	0.225	293.2078	293.202335	293.200047	293.2078	0.0022872081	0	0	0.00847705	0	0	3
10	2	0	0.25	293.211744	293.203276	293.200047	293.211744	0.00322813279	0	0	0.0093985	0	0	3
11	2	0	0.275	293.382062	293.219529	293.200047	293.382062	0.0194814178	0	0	0.0186113	0	0	3
12	2	0	0.3	293.439165	293.237832	293.200047	293.439165	0.0377844187	0	0	0.0126984	0	0	3
13	2	0	0.325	293.478635	293.256355	293.200047	293.478635	0.0563077185	0	0	0.010233	0	0	3
14	2	0	0.35	293.498495	293.273651	293.200047	293.498495	0.073603457	0	0	0.00989135	0	0	3
15	2	0	0.375	293.506665	293.289185	293.200047	293.506665	0.0891377084	0	0	0.00976804	0	0	3
16	3	0	0.4	293.51293	293.303169	293.200047	293.51293	0.103121753	0	0	0.00981692	0	0	3
17	3	0	0.425	293.517288	293.315764	293.200047	293.517288	0.115716963	0	0	0.00999354	0	0	3
18	3	0	0.45	293.521051	293.327169	293.200047	293.521051	0.127121785	0	0	0.0101255	0	0	3
19	3	0	0.475	293.527919	293.337735	293.200047	293.527919	0.13768759	0	0	0.0108515	0	0	3
20	3	0	0.5	293.526583	293.347177	293.200047	293.527919	0.14712998	0	0	0.0105581	0	0	3
21	3	0	0.525	293.53254	293.363802	293.200208	293.53254	0.163674071	0	0	0.0111857	0	0	3
22	3	0	0.55	293.533195	293.380451	293.200444	293.533195	0.180217974	0	0	0.0112098	0	0	3
23	3	0	0.575	293.535812	293.39722	293.200752	293.535812	0.196856772	0	0	0.011428	0	0	3
24	4	0	0.6	293.535603	293.413962	293.20126	293.535812	0.213419973	0	0	0.0114724	0	0	3
25	4	0	0.625	293.537224	293.43076	293.202069	293.537224	0.229963665	0	0	0.0116695	0	0	3
26	4	0	0.65	293.539219	293.447618	293.203312	293.539219	0.246461867	0	0	0.0119363	0	0	3
27	4	0	0.675	293.539858	293.464445	293.205119	293.539858	0.262793782	0	0	0.0119703	0	0	3
28	4	0	0.7	293.538982	293.481138	293.2078	293.539858	0.278803808	0	0	0.0120354	0	0	3
29	4	0	0.725	293.537382	293.497618	293.211744	293.539858	0.294341976	0	0	0.0119122	0	0	3
30	4	0	0.75	293.53554	293.513807	293.382062	293.539858	0.157796106	0	0	0.0121076	0	0	3
31	4	0	0.775	293.536445	293.521527	293.439165	293.539858	0.100692947	0	0	0.0123502	0	0	3
32	5	0	0.8	293.531347	293.526136	293.478635	293.539858	0.0612230575	0	0	0.011933	0	0	3
33	5	0	0.825	293.528174	293.528613	293.498495	293.539858	0.0413623181	0	0	0.0156783	0	0	3
34	5	0	0.85	293.526853	293.53003	293.506665	293.539858	0.033193147	0	0	0.0119402	0	0	3
35	5	0	0.875	293.519998	293.530697	293.51293	293.539858	0.0269279586	0	0	0.020946	0	0	3
36	5	0	0.9	293.519839	293.531043	293.517288	293.539858	0.0225700516	0	0	0.0160574	0	0	3
37	5	0	0.925	293.506081	293.530482	293.506081	293.539858	0.0337770862	0	0	0.027805	0	0	3
38	5	0	0.95	293.505803	293.52972	293.505803	293.539858	0.034055139	0	0	0.026567	0	0	3
39	5	0	0.975	293.495996	293.528124	293.495996	293.539858	0.0438621224	0	0	0.0315732	0	0	3
40	6	0	1	293.495424	293.526566	293.495424	293.539858	0.0444334629	0.0509120431	100	0.0334266	0	0	3
41	6	0	1.025	293.47639	293.523758	293.47639	293.539858	0.0634680525	0.0509120431	80.2	0.0423293	0	0	3
42	6	0	1.05	293.452466	293.519722	293.452466	293.539858	0.0873920617	0.0509120431	58.2	0.0754391	0	0	3
43	6	0	1.075	293.474291	293.516646	293.452466	293.539858	0.0873920617	0.0509120431	58.2	0.0229283	0	0	3
44	6	0	1.1	293.450259	293.513484	293.450259	293.539858	0.0895992411	0.0509120431	56.8	0.0780797	0	0	3
45	6	0	1.125	293.476892	293.510689	293.450259	293.539858	0.0895992411	0.0509120431	56.8	0.0181418	0	0	3
46	6	0	1.15	293.444382	293.506268	293.444382	293.539858	0.0834246533	0.0509120431	61	0.0905996	0	0	3
47	6	0	1.175	293.457023	293.502354	293.444382	293.539858	0.0665973545	0.0509120431	76.4	0.0329248	0	0	3
48	7	0	1.2	293.437586	293.497483	293.437586	293.538982	0.049904197	0.0509120431	100	0.088298	0	0	3
49	7	0	1.225	293.470834	293.494238	293.437586	293.537382	0.0368043694	0.0509120431	100	0.0185494	0	0	3
50	7	0	1.25	293.424785	293.488877	293.424785	293.536445	0.042166092	0.0509120431	100	0.0930004	0	0	3
51	7	0	1.275	293.467374	293.485631	293.424785	293.536445	0.0454121066	0.0509120431	100	0.0162083	0	0	3
52	7	0	1.3	293.410794	293.479647	293.410794	293.531347	0.0513955171	0.0509120431	99	0.114374	0	0	3
53	7	0	1.325	293.453784	293.475954	293.410794	293.528174	0.0550889675	0.0509120431	92.4	0.0168053	0	0	3
54	7	0	1.35	293.481169	293.473715	293.410794	293.526853	0.0573273444	0.0509120431	88.8	0.0148253	0	0	3
55	7	0	1.375	293.460496	293.470555	293.410794	293.519998	0.0604871945	0.0509120431	84.1	0.0457015	0	0	3
56	8	0	1.4	293.406617	293.465156	293.406617	293.519839	0.0658862845	0.0509120431	77.2	0.141645	0	0	3
57	8	0	1.425	293.447692	293.461721	293.406617	293.506081	0.0687615142	0.0509120431	74	0.020315	0	0	3
58	8	0	1.45	293.477338	293.460352	293.406617	293.505803	0.0693677806	0.0509120431	73.3	0.0151124	0	0	3
59	8	0	1.475	293.455355	293.45795	293.406617	293.495996	0.0701738612	0.0509120431	72.5	0.0504333	0	0	3
60	8	0	1.5	293.48451	293.457403	293.406617	293.495424	0.0691628519	0.0509120431	73.6	0.0147497	0	0	3
61	8	0	1.525	293.450696	293.455273	293.406617	293.48451	0.0684852617	0.0509120431	74.3	0.0675623	0	0	3
62	8	0	1.55	293.484244	293.455647	293.406617	293.48451	0.0644488123	0.0509120431	78.9	0.0137804	0	0	3
63	9	0	1.575	293.454175	293.455728	293.406617	293.48451	0.0613727591	0.0509120431	82.9	0.0600248	0	0	3
64	9	0	1.6	293.485556	293.456265	293.406617	293.485556	0.0582114647	0.0509120431	87.4	0.0131708	0	0	3
65	9	0	1.625	293.461021	293.456777	293.406617	293.485556	0.0554156929	0.0509120431	91.8	0.0510763	0	0	3
66	9	0	1.65	293.490961	293.457447	293.406617	293.490961	0.0509946283	0.0509120431	99.8	0.013331	0	0	3
67	9	0	1.675	293.472886	293.458805	293.406617	293.490961	0.0470805329	0.0509120431	100	0.0404852	0	0	3
68	9	0	1.7	293.41518	293.456812	293.406617	293.490961	0.0422104365	0.0509120431	100	0.101094	0	0	3
69	9	0	1.725	293.460668	293.457911	293.406617	293.490961	0.0389652884	0.0509120431	100	0.015331	0	0	3
70	9	0	1.75	293.487818	293.45872	293.406617	293.490961	0.0336035658	0.0509120431	100	0.014134	0	0	3
71	10	0	1.775	293.475963	293.461157	293.406617	293.490961	0.0303575512	0.0509120431	100	0.0332995	0	0	3
72	10	0	1.8	293.441595	293.459929	293.406617	293.490961	0.0243741406	0.0509120431	100	0.0755845	0	0	3
73	10	0	1.825	293.473386	293.46291	293.406617	293.490961	0.0206806902	0.0509120431	100	0.0156895	0	0	3
